0.7019629225736095
0.19879555281037672
0.7458864426419465
0.7445922498554076
0.6313879352623835
0.6511227999190773
0.712293902843864
0.41776998961578393
0.7696078431372548
0.9091807909604519
0.2512588313361177
0.21122924460195575
0.16566296067531397
0.6572391259955074
0.7755421686746987
0.16142137071494844
0.8952712100139082
0.7487495638013258
0.6283678250683326
0.7042669584245076
0.38066232998225896
0.7792034862607431
0.254739008271004
0.6733263598326359
0.29806445638081125
0.3610410006169723
0.6702415660141606
0.3446484981528082
0.652046191247974
0.23194724704525801
0.3838173036789696
0.5860875899116816
0.6839141521461963
0.16099744885198336
0.8437540962118233
0.7756356187492468
0.770713601532567
0.7653073356319103
0.4393256893256893
0.8913043478260868
0.7476190476190475
0.35453844459131967
0.7510208843775522
0.7903007980356046
0.32618830444917396
0.718174718286288
0.8701000270343335
0.7751685934489402
0.3872811503519643
0.20160987221247803
0.7996273291925464
0.5444933175435628
0.638274665344571
0.7899128727451219
0.27038266056201954
0.1638080211726384
0.6475855130784708
0.575657306385262
0.6178136097514156
0.4200326264274061
0.6817411565346325
0.7408217286223959
0.6925973746503119
0.8953957434970093
0.9149964463397297
0.9691358024691357
0.8855413399367174
0.9214142570855998
0.9216781214203894
0.8670528017241377
0.8764978213507625
0.8932833749653066
1.0
0.8448615303845648
0.74814039981404
0.8709240968745771
0.8945247359644245
0.8471966306922873
0.8844462764495739
0.8656535771920386
0.9480117820324004
0.8355399792315679
0.8168781725888324
0.8510047593865678
0.8764978213507625
0.8316537467700258
0.903185070857303
0.7976456009913258
0.9000279642058164
0.7393751435791408
0.9834988540870891
0.8532608695652173
0.7670400381315539
0.844972433709635
0.8681051921780174
0.8815393043001915
0.9331690345027543
0.7837574576890294
0.8149132801620458
0.8971428571428569
0.8937795056928629
0.9936708860759492
0.42354257139097246
0.9100805881521278
0.8620597294763624
0.7701603254367072
0.8693949216639653
0.8329451345755692
0.9289940828402367
0.8009207415702375
0.7421028360617937
0.7982390873015872
0.8664692421591061
0.8262097291746886
0.7655803996194099
0.7857666015624999
0.9423217684087248
0.8232510551221384
0.8237778346557459
0.8436435124508518
0.403169234623575
0.8433119350189964
0.9159077973819008
0.8281229898366137
0.7982390873015872
0.6698231009365243
0.4852985524728588
0.41448808757244043
0.9537709290265224
0.9474536355607888
0.7023458810692852
0.874354794892692
0.9527827116637061
0.6834784455298364
0.9094376942639163
0.9005316172355903
0.8342405391394503
0.8004227804028846
0.3017673808072757
0.8651881720430108
0.867286445701967
0.8124447810172913
0.6620384654941889
0.9722096360066453
0.7576506591337098
0.9111111111111111
0.7205059323931048
0.8344568317345087
0.7936136111453581
0.8349980542223373
0.7093112947658401
0.8396817114531697
0.7361619396157364
0.7670400381315539
0.666011381272633
0.9198342383538152
0.8232510551221384
0.8376057254391671
0.8197911360163015
0.7391204501090824
0.7725636101776284
0.7658536585365853
0.7370048087932217
0.8188525632871136
0.8086683417085425
0.7222845601436265
0.7451956471405418
0.8005223230941424
0.7712676731368319
0.6957414613056636
0.7348173515981734
0.9244578486284647
0.7036510712724092
0.7947894801827387
0.8763784887678693
0.6742432177647428
0.7788263762855413
0.8313315252486116
0.731144934120854
0.805128205128205
0.7347334779134801
0.6901468853865123
0.8494325679598838
0.6537680276254315
0.8246220855751984
0.7497088283251803
0.7973491886535363
0.7628584972742355
0.7219605204127412
0.5779832989135314
0.7294050991501415
0.6557660961695191
