0.5259522726332768
0.5141119600810854
0.9407257894069408
0.60303621509572
0.7651295715329408
0.6985662829295854
0.5167831599479844
0.13607473035439138
0.7542896362388471
0.5874019281147104
0.9121920727958357
0.7426604930546865
0.7476944010482287
0.8852591067752618
0.919608268509623
0.9317751237740354
0.3737828407311144
0.49633681252509043
0.3932229893587416
0.5927802786138562
0.7923011881981221
0.42374664407166934
0.4020550110654442
0.790745807276862
0.7481028295782105
0.7408742114286665
0.24106490031792113
0.9751873274615487
0.13978631391503438
0.9891219804884553
0.8507492641156008
0.5148880791254556
0.7764345710024334
0.9722795635505752
0.13660092807424595
0.5766338249868828
0.13685335219149233
0.7442500146310062
0.26924379812839894
0.5912055362218741
0.13850742645891875
0.6839881057573359
0.8708484557967542
0.8156479352018985
0.756301878456794
0.34753090998528186
0.4925633279107599
0.8508305774855199
0.9373183675188477
0.7463716472847093
0.766163459221262
0.7528415818138763
0.6223799202964413
0.687331099340612
0.06829302347704541
0.9895837965227446
0.5411917051195536
0.7102372005074321
0.878956930429116
0.5203203086185231
0.6909696348733235
0.4679053876478318
0.8115359369872007
0.561117204341742
0.9794685591681798
0.9881996403277016
0.965195329017988
0.9773071602661223
0.9721733812399664
0.9535842831433715
0.9768138524338323
0.982614742698192
0.9578939439590239
0.9618684358387
0.9537784063514514
0.9905087235178921
0.9645469222351042
0.9850285486655159
0.9764281326781328
0.9761390427106751
0.914234363767074
0.9515253222737671
0.9706257564358379
0.9854320030995738
0.7957574619861085
0.9665787159190854
0.9861088032966668
0.8625287044483418
0.9033976739937893
0.8866875840430302
0.9261814095761283
0.8048079270222134
0.931970225195515
0.8314947832503572
0.8504160417283644
0.8675554775896853
0.9476558507920287
0.8732661029253078
0.9578527158474649
0.9094707805476094
0.9040766168345792
0.8857347541864422
0.832256616897748
0.7887979158913287
0.9363620107500868
0.9074496931639789
0.8552036199095023
0.8357963721035041
0.902609912394549
0.9420398747036911
0.9419102942576898
0.9410141756255352
0.8777003243840155
0.871163782979723
0.8908938061068246
0.9008834869905782
0.7884765279007971
0.9182328306479898
0.8337766704756197
0.8853735677912158
0.8329029360579352
0.8436140673420457
0.8495233187322855
0.9848106027082042
0.8449914095055482
0.5980008195564991
0.2724026291953292
0.8578656233135457
0.972598249696811
0.9555495920996137
0.9962954672635704
0.8322955233927971
0.9585024711164709
0.9553444945267227
0.9597011546298393
1.0
0.9630234646299642
0.8396197051583146
0.9129311140510108
0.9064886662186108
0.9796410216905657
0.9094893643106727
0.8236322757931552
0.9795116691057537
0.8723333365998021
0.9649233103896808
0.9695368998867301
0.8480988538818441
0.8122542086774033
0.976053419295418
0.8605525695062063
0.8394296868369686
0.8349418948197755
0.8112770785677181
0.8585275055937043
0.8590162985264743
0.9446991404011461
0.9689037398232401
0.9115755627009646
0.9175797557078802
0.8408489817508596
0.9115288913464199
0.8406187144111732
0.8192887514495556
0.8849334950394657
0.8722991445453744
0.7955512261385573
0.8505948115235775
0.8441740713696408
0.8159619421248981
0.8199377348758383
0.8153192346793915
0.8993907675520576
0.9634507987358761
0.8696658851113717
0.8175731525872044
0.8745014440929723
0.8659604272456665
0.8664830244510201
0.8547027421460942
0.8077509391503186
0.8623782998304675
0.8421615280550222
0.8888389647735442
0.8374711886730326
0.8531872681790735
0.8325601840594078
0.8227264325323475
0.8438939764518516
0.6868379022737969
0.5260082134310279
0.7638034441040953
0.9509662532448804
0.9687982935376447
0.8899319197432745
0.9343178311659688
0.8950231248743215
0.8530074071234872
0.83739240863553
0.7725667172922542
0.8061708717465724
0.8345348695497288
0.7567840990240419
0.8050699537861864
0.8467033176076701
0.8454006723774432
0.8176482474832832
0.8559272328682828
0.8375499835348356
0.791202637964288
0.7756565533346114
0.8317822503784269
0.8313394783290843
0.8389471104911976
0.8216177800749451
0.8126842984562295
0.7616403429216791
0.8689443115818244
0.7666913563234232
0.7903947578711843
0.6457249798707375
0.8529011612309814
0.6710362659148645
0.8377076177480827
0.6953685838599561
0.8376051487607973
0.8305560738943834
0.8326302694714394
0.8243644950687595
0.787054392417598
0.8000844852690049
0.8258558307820763
0.7551150244299675
0.8426717405503651
0.7983766816143497
0.7336811393531798
0.8758781510124567
0.7800541539971433
0.804575157491346
0.8076923076923076
0.12117017236521335
0.7471484325821479
0.8493368953344146
0.758719146324833
0.7899809202644541
0.7247982803963556
0.8239372090225008
0.7850069224596337
0.7817599016422236
0.7825708558970393
0.7536318997629531
0.7781041038416154
0.7952953578958654
0.13563105257704944
0.7555957322197042
0.0686875529996551
0.7961631338878457
0.7433054166214377
0.7862480127186009
0.7554290175578543
0.7899949415617262
0.8249603825516417
0.8187612670615504
0.7732512182622066
0.8397622753643695
0.8641698459387832
0.8557379885797783
0.694478900929155
0.9183370299685356
0.8317667065331141
0.7772888015717092
0.7183064496606929
0.8391843737627029
0.8086093978508299
0.7381404489257789
0.808418471597875
0.7909073947384788
0.7532174133773323
0.8057549398528228
0.7887909264099952
0.8092194971183391
0.7512151898734178
0.6898932831136222
0.7541809986952913
0.8460917005664755
0.6991478499901825
0.7678354250226421
0.8318832995355532
0.9249592169657423
0.7880926032490816
0.777166653571148
0.6892416089195154
0.806711494544532
0.7955370069170139
0.7668234442836469
0.775616003903391
0.6525171524072011
0.7835627772692065
0.6616987906133158
0.7763736263736265
0.7317752860712877
0.7335723114956738
0.8401109842300468
0.6894177599479563
0.761158423968808
0.9142155855892865
0.7833421330517423
0.7575633792029413
0.8068211686440141
0.8093077804243868
0.745022387747416
0.7619402218570255
0.7344801980198021
0.6967837378773766
0.6666242314864046
0.7031072286111463
0.7536638022266434
0.6643605588393338
0.6467993896679504
0.5162496955356832
