1.0
0.708375966532399
0.9346354967702244
0.7622505296019624
0.7917571440979762
0.7636234170587659
0.8668906817137151
0.8359520679852045
0.9851044668587896
0.9143998796248306
0.9554029975893512
0.9398068595779776
0.8938663441580726
0.9241023908084818
0.7452580803401101
0.8750739988160189
0.755877109332891
0.5802170522898698
0.7724890891371591
0.725833421806986
0.8650396988580646
0.7719112541282072
0.7593191631148565
0.9038073834154079
0.8026327375187108
0.9193645990922844
0.9219526996274632
0.8456982929242948
0.8209203890489912
0.8652586616041764
0.8270902959456801
0.8323390655912342
0.5683925008313934
0.6993095512082853
0.8017267916562834
0.6217162473997112
0.7338387226620151
0.7568708311422324
0.6502401559824994
0.6086129193790686
0.6436590876994774
0.6677695839031059
0.8988167625308133
0.6481288365368664
0.7437581592689294
0.7042984444215513
0.5959920669514427
0.746315703291305
0.7023809523809523
0.7669859344542764
0.6455279371149351
0.5782112274024738
0.7839941515438202
0.8194321672035358
0.8759569492936993
0.4956320797462619
0.9128736668168843
0.8159480829479338
0.633974730497276
0.6136868562195641
0.7008239258851116
0.42610728058899144
0.3375756865020337
0.07894224065886957
