0.083505287126634
0.9540397460553798
0.7552076086333761
0.5144260521958264
0.9903507642108877
0.7831286442994032
0.39858569015642076
0.35554262550285914
0.5198136380025239
0.5597590346827471
0.32315332700585236
0.4611490116700403
0.6685626508031969
0.4038472480577744
0.3407627081086671
0.6038823768104559
0.28405407152686485
0.5341155767549824
0.6690086210021825
0.9990147249891729
0.3493278007670378
0.5140162445823537
0.3106627116532607
0.5113924190947031
0.5040479416134953
0.5403178581467253
0.3968968839794215
0.65931859431495
0.3267512562725092
0.6936214997180981
0.4501234230630385
0.8491142502185617
0.8611842228071157
0.47866551153488995
0.4354488565037235
0.6043807764611868
0.32176160021202255
0.6976229000015121
0.9367316067857178
0.5132100028922953
0.9561158086711432
0.6633666925488166
0.919820161097376
0.7345965526850046
0.7251514841914162
0.4176428519698725
1.0
0.6787180203904492
0.1564926408482953
0.9066869748931361
0.8900346294456394
0.6945927024443123
0.5098861626878868
0.6889911065644158
0.25348556734734246
0.7929819435014652
0.5755230099424907
0.3221739206340893
0.820993531280308
0.3249320336380668
0.691412514050206
0.8654573082081922
0.9174604752908422
0.4484563640958843
