0.9571220930232558
0.957638789427876
0.9800653963242756
0.9555123173828448
0.9030575670368717
0.9126531640784956
0.9377912998446402
0.9355203254657584
0.9758074474892511
0.8561213434452871
0.9836700050925141
0.9797450377033105
0.9752381379797822
0.9788072609341922
0.9887387387387387
0.9714994635193133
0.9912079641476514
0.9209497473061887
0.9582722391877144
0.9017553323927298
0.9874694689008805
0.9241417438361846
0.8750654371199614
0.819215109703687
0.9009328358208956
0.9706099113384105
0.9965490753585636
0.7897046398168421
1.0
0.9730982367758189
0.9684578788452755
0.9384696775029422
0.9924075490655008
0.8869410828350441
0.9248103501473578
0.9644390693133024
0.940113996474113
0.8642591524648519
0.9666055045871559
0.9082189204438594
0.931999485331961
0.9517771499901454
0.7927801389978293
0.9629219333325949
0.9609737761464645
0.8310737164164835
0.9077446844061992
0.9412439901243125
0.9284554582354198
0.8603668253669738
0.7925343739742515
0.9251844046364596
0.902841829739499
0.8996925879540022
0.8269622300447151
0.9012784753688708
0.8263490131954216
0.9137468857422184
0.8357161399494275
0.8904209221565474
0.9372755798531364
0.7009895241090653
0.7399254303079831
0.49513534451330665
0.8190375681965948
0.9354800520894994
0.7800452293775577
0.8824837304689485
0.8394043572311497
0.8943236652845371
0.9345446726158478
0.8390964378801044
0.8178277068984985
0.8065659564991464
0.7944321567623889
0.7865034338608541
0.8107941719679869
0.8877744867735677
0.8670696672252813
0.8090358249797559
0.8140135977973816
0.9128448556515895
0.8345526816060833
0.8813830865950112
0.8167902348264878
0.8031823473970173
0.7790105753719305
0.7851819733882551
0.8413706320782114
0.8440832022373713
0.7173321009457475
0.8737635705669481
0.8004604475550234
0.9026168224299066
0.9188080716256356
0.9012410961460698
0.8887548311895463
0.812180559319025
0.8964080563490673
0.9054657958061191
0.8652140589072597
0.9129407316381513
0.8064537079131219
0.8303433255000862
0.8310896087505258
0.8251096387143319
0.7978081890023957
0.8784436584133402
0.8480939789835207
0.8836050908795187
0.8962139646141792
0.7995253732167004
0.8482181193645342
0.7307255806915338
0.7497541704763055
0.7758745347269952
0.765704419524485
0.8205917338519344
0.8423327389720134
0.7472918601052306
0.7790524674207253
0.8249060471472499
0.8771140262361251
0.8537081233978608
0.8802138712519367
0.6379736801544255
0.7377900758823231
0.7119152142576335
0.7946282465009553
0.7439213303321551
0.8176353836457874
0.7110358536405802
0.8306766055045873
0.8421287191063489
0.9370734915210384
0.8760178988954286
0.746585814165221
0.8169514464557606
0.8024038328394583
0.8097669132306089
0.8228834338404446
0.8908589642414243
0.7959890109890112
0.5101715010153894
0.6938273772938801
0.8477052409838305
0.7468680723823272
0.8156711865997279
0.8418106453862245
0.8076001114930782
0.829899367946686
0.8080505717207401
0.8391126385295595
0.8379801018047202
0.5024247854108264
0.7715358464774857
0.7351816767034305
0.9591393103448277
0.8263882946864038
0.7890379622737423
0.8302957359009628
0.8327537148276954
0.8084940145659515
0.7179423643977502
0.7741539009618811
0.7528712734075909
0.8513251454427927
0.8332246932515338
0.7584022615432939
0.8104539817810558
0.7726331321499365
0.7723173429767121
0.5102553566187261
0.8237802797679975
0.7446159645004884
0.7825805115646749
0.5069993700566949
0.7588657435700443
0.7996724840611977
0.4127193648864241
0.8687248268486965
0.7631096088845969
0.8026038781163436
0.5117845514333995
0.8124918210540092
0.8202664955458252
0.757219642654912
0.4193943721774038
0.7239035927844497
0.6560348991667674
0.3597735118086771
0.404779755889708
