0.82703426124197
0.944469351157483
0.32012018234562784
0.7754484004818633
0.8712660964376351
0.6850390209294076
0.8225574585145088
0.9320101351351351
0.7941025289562057
0.8642636034759258
0.939605887361635
0.26594633676092544
0.4332507595232531
0.1371302274112516
0.30882970287793277
0.6215150661785411
0.6621567562933965
0.7000740147727444
0.2940612905272508
0.8054744525547445
0.8099224101775478
0.8225428601852838
0.7213989976029636
0.2840028922986421
0.9831986253420734
0.7541983987502441
0.5459010600706714
0.6875797406759041
0.9111587307828413
0.7603976965103116
0.8116386179360104
0.07084357459921493
0.7998032718989438
0.9681239947360725
0.4382032032978462
0.2638479317765203
0.8026427445751
0.7581463063534646
0.7918097483470862
0.591968630656636
0.3085911751193496
0.34636424781406466
0.586968085106383
0.28362054194306413
0.22505317134283134
0.7854225626599333
0.3238670905978127
0.41844906508726154
0.42895221523966415
0.6131204360249761
0.799099984482491
0.7456560911255551
1.0
0.654720366158584
0.8753966455122392
0.83393911040737
0.8990165460787928
0.38788644694775953
0.3868536371603856
0.9342834680589432
0.67300264281358
0.7799505242077983
0.6099974993090196
0.13892610810859418
0.9751925261961872
0.9897917778964228
0.980432391267558
0.9394535208983662
0.9781562618715969
0.969785105982298
0.9771457485610676
0.9035207423580786
0.9712076444332685
0.9820736126120398
0.9624146022385114
0.9969669592152814
0.9562588978067551
0.976610405208926
0.9985564700305941
0.9926111539450013
0.9292258957034303
0.9409603085981117
0.8682790662819888
0.9394535208983662
0.9300276919372316
0.8596787357174656
0.9077857212809715
0.9643570536828964
0.8973107974676192
0.9062237256320513
0.8753635779851168
0.8362563602901374
0.90578095684803
0.8322618876598191
0.951429803132634
0.8517790193339703
0.8727591141910215
0.860604597615776
0.9211002245761869
0.9336999879124863
0.8507002441218039
0.8807867730900798
0.897206574133225
0.9453169617361508
0.9007813107362201
0.09788834725894886
0.8847379975183737
0.8902099379597794
0.9123425196850393
0.895992421752663
0.8930401942271379
0.8737627962219332
0.9512931034482759
0.871004115690365
0.8918716083593118
0.8506065667039844
0.8617567215797107
0.8468144196159398
0.8332943778205288
0.8396499873183811
0.7803182086034178
0.8987027593027087
0.8452083523297164
0.8638930828160823
0.9558053206846772
0.5625523444232706
0.9592673082893511
0.4471145497694341
0.9056570591108941
0.8805524945852492
0.9522508269811591
0.9264397225498232
0.8859387544443171
0.9305318529523963
0.8374198211220525
0.7874241832175197
0.8946779144065016
0.8081711655157983
0.7520323224456018
0.8968419830488795
0.9182897109231043
0.9624945486262538
0.9775785699219574
0.9576024298022686
0.881322735224766
0.9283696893215551
0.738350512179191
0.9230447511501464
0.8411739083088317
0.6171535859809848
0.7422289127684448
0.7936537835847732
0.7965181226047056
0.8450696521041497
0.7775820414737264
0.8787993704848404
0.8780501667171869
0.8134334907067763
0.8878735632183908
0.8365129500947568
0.8726112251237926
0.8626549529092059
0.8364978522181713
0.6293982644594429
0.8501228951905794
0.8501384889117156
0.7819638940442044
0.8307104961284771
0.6450701480904131
0.6410905469333554
0.8531117124081947
0.8186346374635697
0.7832722110493316
0.8448077869524799
0.8493906350224502
0.7956293346151204
0.8538032164766133
0.8142480674631062
0.7493936552080975
0.7344891523113738
0.7945790258704932
0.8621574864668787
0.790513227242491
0.8266507330646026
0.8188226564432353
0.805460454284771
0.8811216730038023
0.8552211540235823
0.8313959745990744
0.312382890958845
0.7868092691622102
0.7178569769062776
