0.9361556206746054
1.0
0.9701805963880722
0.9335074139699711
0.8896196231781016
0.9885334942667471
0.9155580849398874
0.9163310142804834
0.9157628307429583
0.9911763411521366
0.9864444639103012
0.8991466640051897
0.8708891595615103
0.99291327300982
0.8709144166352484
0.8824134384641754
0.875663381349507
0.9626131276111508
0.8882688174163396
0.8817139054181021
0.9260801184198354
0.9180023844217775
0.8811274989241423
0.8959543320868804
0.8677853124759188
0.9180210933917562
0.8746347193771055
0.842403500897666
0.9593431869489288
0.8436262161833148
0.8493687951954896
0.9218820351193154
0.834027662056324
0.6737967914438503
0.8352339099961061
0.6620224421860188
0.7914364276866582
0.8271208226221078
0.7978214665249734
0.8611246523098098
0.7781741541491393
0.9090909090909091
0.8272423418790862
0.8209478854372647
0.8401488375563037
0.8250982259792832
0.7476100378410676
0.8403525954946129
0.656776263031275
0.9351644245142001
0.8771127034815797
0.8002735978112174
0.8334104238746322
0.8333950046253469
0.6908530413177509
0.8721115962091364
0.7620215690420807
0.8330790357033871
0.8092885375494072
0.8035427592850262
0.8112415805208371
0.6209035459526517
0.37150209070440654
0.4074774302100483
0.8002878157978894
0.8387409110798707
0.7770063392125576
0.7994852908550383
0.7353625388740602
0.8111612328138083
0.8221615850041523
0.7945004938620007
0.7849338700402531
0.7082658532366861
0.7639795797221892
0.7742883663366337
0.7969674719791935
0.7131266276685849
0.7975248313592181
0.7839502949929514
0.8188585607940446
0.6791915140640666
0.5549874328520034
0.8116508703016325
0.7467053460422711
0.8278352599562604
0.8142771922847484
0.8672840694674417
0.4156171284634761
0.8274626865671642
0.5293464401760375
0.6635730858468677
0.8084751238423432
0.6088231716382607
0.7186560199108161
0.9190793903409439
0.7908528288636264
0.7864825226106087
0.8443536369344967
0.4638912489379779
0.4872785097682871
0.6778220011887652
0.712641496001329
0.8641229281767955
0.8253249906098554
0.8938918876012066
0.7823164695461888
0.7608438619012228
0.8973018197029909
0.8727790587277906
0.8921656978183583
0.8192010766278995
0.7459757551669316
0.7844622658760221
0.5931461302959475
0.604955680902498
0.7840731070496083
0.8142403947832219
0.8595389840857917
0.9067667810735459
0.7183866800631548
0.7987764330363079
0.8744734134456719
0.4990527470336025
0.5880932175729486
0.4647311894518555
0.6000039960306097
0.4777916257855797
