0.919048675690396
0.7833831974964751
0.9526597524255603
0.9601078962341686
0.9361002671049928
1.0
0.9660524585992663
0.9735666816248905
0.9712836037265228
0.9193639518928081
0.9546959473618039
0.944189998549313
0.9252828042811593
0.9258845286239762
0.8763729393886934
0.9361195011198092
0.9358695205620148
0.9401180306219306
0.8784343969921912
0.9707248476584138
0.903555916942665
0.876727090790132
0.9318116742340574
0.9716771881931412
0.8877803542547595
0.902285420049907
0.9609381591158357
0.8233040586938452
0.8732318779468703
0.9337404955628882
0.9363503709640957
0.8467457160911422
0.8952642955393988
0.9199208496547269
0.8250484417160138
0.9089276807980051
0.8821934784292462
0.899453141965925
0.8342488830293708
0.7955021651068586
0.9426271905323486
0.8421753114717734
0.8560208932228547
0.9228089364201658
0.7833023863558214
0.8197045753045106
0.8288760324564277
0.8681898736589363
0.8179386366492524
0.7825489522500859
0.8358406105525794
0.847359904774304
0.8227985263309977
0.8720284806492363
0.8183353091209541
0.8843339350530872
0.8694158731370343
0.8445482519556593
0.9065043076861855
0.8240337137586138
0.8128601759175007
0.37732411279970185
0.7507126497388324
0.6495117257110272
0.8234826302281024
0.863123993558776
0.8346309560884458
0.8149976745018067
0.7581708047660254
0.792361606288805
0.9067207992516967
0.8645817519356307
0.8415841584158414
0.9064862713887785
0.7800034240712208
0.8446421950315166
0.8147353361945637
0.8495720439330935
0.8877630553390492
0.8729641693811075
0.7727010617007565
0.8661926308985133
0.8154790671034027
0.8445795639922883
0.8802333893622366
0.7880035283740076
0.7940740740740739
0.8982826948480844
0.8084321101568599
0.8686864834976262
0.7066304769290422
0.8376385799121179
0.863156698179338
0.8045916114790287
0.8076009501187648
0.8831853603690923
0.78624926655852
0.7990739441560264
0.7882080204837203
0.8145896656534954
0.7446391213389121
0.8003091624508152
0.7386750543143421
0.7741847779911298
0.7741321597879461
0.893701327997803
0.8111524560685099
0.8014777025244083
0.8503966402239851
0.8212264320992104
0.7017219603856698
0.7661263200376675
0.7653541190700175
0.7904233171408744
0.8060150375939851
0.7972840543189137
0.7723735738383034
0.6757638682883418
0.8632711838714566
0.803385646270499
0.8225905463474524
0.7253275595816153
0.7319816201278879
0.8612639180324769
0.7903410470804566
0.4841297671799123
0.6059235812796745
0.7316994828638423
