0.7006209696680201
0.8379034561553843
0.9253943217665617
0.31108165429480383
0.0920241549682378
0.2264027166782434
0.09724524298879535
0.9689512799339388
0.21893424882453913
0.1397170889693275
0.7380802616681345
0.2817963496637848
0.7282770605759682
0.8640648011782033
0.6221633085896077
0.8775052348190249
0.5498078905444662
0.6912111215834119
0.7122738861235887
0.29540305120588084
0.18438089252042741
0.08877288545922227
0.40865083234659044
0.598002242381001
0.815314063368538
0.6508764144663856
0.6398037077426391
0.2365153591872934
0.9825824819963155
0.7314549308066326
0.593705727585509
0.7422823886639676
0.8188415910676902
0.7435052591560005
0.7066971814020718
0.8661056982580455
0.6284275921165381
0.7158369936554417
0.6405021834061135
0.48196829047892886
0.6654190767834863
0.43934401677400037
0.6569253163139627
0.8581249085856371
0.6843578677242506
0.6921080570956708
0.5793423521279747
0.2512203476920442
0.9484319430973166
0.7328253809642767
0.8600117267663443
0.7360431564421025
0.16002072878027496
0.8015027322404372
0.9003990178023327
0.7471030179549218
0.8358740561333523
0.15319337824429474
0.7177636408123318
0.4093636617359755
0.9524350649350649
0.7037303586421974
0.5629977929181461
0.6830830131563628
0.9981286151752299
0.964967105263158
0.9662384716732543
0.9527443975316662
0.9249566451206056
0.9275889328063242
0.8949054301403294
0.9188723570869226
0.9955879857458002
0.9736143378692333
0.8987438725490197
0.8645741231948129
1.0
0.913720604267248
0.9195924764890282
0.9656023699802502
0.9235007083267749
0.9519714424793122
0.9532087733549959
0.9229196161711498
0.9858847252562596
0.9299413536218102
0.9538286457486588
0.927149178255373
0.9736143378692333
0.8469756027140177
0.8768494993274549
0.9435509810228369
0.9100356755079883
0.8928625779942171
0.9177225089942126
0.8146348236600944
0.8109191430545958
0.8536301469518405
0.9555374592833876
0.8045803620405925
0.7709592641261499
0.8579994150336355
0.89888156886778
0.815200778101987
0.7993188010899183
0.9346821730125857
0.9508914100486223
0.93617360778682
0.902754269887675
0.8951785169362222
0.8025991792065664
0.9031711822660099
0.8607687793427231
0.8603900865229505
0.8203299776286354
0.8523899462443701
0.8060173100700646
0.8576231545095745
0.8436870865688811
0.38449439674945934
0.9103180760279287
0.9210361067503924
0.84199196326062
0.8251758087201124
0.878819652486519
0.3028910686628808
0.39908849738113056
0.41609929078014185
0.9151458430822024
0.8711210096510763
0.8715092097445039
0.8217086834733893
0.810023470937457
0.8434445083381253
0.8248277801209054
0.7561541435752029
0.7109791565681047
0.8906937908000607
0.7920885648710679
0.8189558905639308
0.8220540843491665
0.7347526612398247
0.7434110491637101
0.8192989805893032
0.8607687793427231
0.7053378215917289
0.8307844803171907
0.6108912952936276
0.7641312841885908
0.7799787290614199
0.8407853253081113
0.8067931793179319
0.927149178255373
0.7597772597772597
0.828204404291361
0.894087168546175
0.760663814339427
0.8016122421095779
0.8003000954849271
0.7386377942842756
0.8108070757324489
0.7499680429502749
0.786777524473649
0.5005118580447023
0.815540728384765
0.7505436868363824
0.6873242736644797
0.6899917676114313
0.7984485574305934
0.7728889474377553
0.6276208814719727
0.7971467391304349
0.7901683501683502
0.7407828282828283
0.7755452742894912
0.5554293287891697
0.7584022750775594
0.5739581295245548
0.7939106901217863
0.7544040118297544
0.7561541435752029
0.6175139459004315
0.7901683501683502
0.7109791565681047
0.7403154574132492
0.7453944860881718
0.5254814151365875
0.6724355300859598
0.716273959223538
0.2523440860215054
0.29401152593335006
0.27834709175443595
