0.8084079227088656
0.8855497691399119
1.0
0.8980922498928039
0.8605489868720531
0.9167674072838939
0.9213120706026923
0.7841988280460698
0.6975750815442928
0.8031968640054539
0.8669036153285199
0.7257676843790047
0.7231386389293817
0.8161985290933944
0.7675046240824541
0.6787093853995751
0.7854638530908659
0.7032033552361615
0.8212120834941062
0.6800946279564793
0.8003712105588779
0.6916661861754824
0.6636290026504121
0.626306446560284
0.8042640856230344
0.7967611238248204
0.6162043522928925
0.7761726056727408
0.7477375886122932
0.6808455747669097
0.6776811117844633
0.6928428536174278
0.7203712296983759
0.5798085964619346
0.5883449259853754
0.8018692497478093
0.7613711766708402
0.5584952617166172
0.5548878693708658
0.8414575043362921
0.6240464603757879
0.620253640559927
0.6738569801704635
0.7478689639537519
0.5472953355841096
0.553192024550165
0.5226542664643975
0.7150195615185373
0.6058772211763626
0.7267510065155011
0.6870707565099217
0.6864024136496045
0.6308879496643653
0.6281998181394043
0.6847390079239466
0.6436906085972409
0.5520764474047546
0.6784162712143257
0.4971647959971817
0.5093765682300714
0.6554277908853842
0.31260349716781993
0.09397536132591335
0.33290276355159515
