0.9886528453203651
0.9997411785005608
0.9930585311509127
0.9825334916059012
0.9062328927817314
1.0
0.9829502078208499
0.8814178139499504
0.9499139273710959
0.9387556707712249
0.9698694342149313
0.9545304777594729
0.8979465323518017
0.9771481575174974
0.9445712422562766
0.8611771700356718
0.9508492656108968
0.9540589494483781
0.9520210318764376
0.896973449957427
0.8828952380952378
0.9443403145627904
0.9374646064234287
0.9079370054062524
0.9119383017234594
0.9876416943663172
0.9633385983872308
0.9828668363019508
0.9207787048073103
0.9554749340369393
0.7984565561910012
0.8645825561441468
0.958398809031511
0.804052178739939
0.7768318026412817
0.8604098604098603
0.8061778210658131
0.8658746170514833
0.9686533478224527
0.8400753950993186
0.932110682110682
0.9095761381475665
0.9311370028123744
0.7750652130292288
0.8681450404554989
0.8387984075280492
0.8871535752564692
0.7987317342156052
0.7379011716760061
0.9103621651347316
0.803773323160158
0.8497470118061158
0.9871368941136381
0.9272625430103223
0.8293730317778415
0.7686898839137645
0.8650343386085397
0.7946783705938827
0.8820216166844268
0.8821559074299633
0.8563405261602128
0.31523394994559306
0.7917463787920196
0.7809151560078171
0.7813890761968981
0.7066284529544485
0.7820746439900115
0.8745660377358491
0.9655862011499041
0.8097267835930403
0.8495601173020527
0.9153961608341891
0.8169768753525097
0.8172073342736248
0.6370883501017098
0.9217308304167992
0.7734098645131149
0.7934812380169816
0.7798640554546065
0.9226114649681529
0.8991309745499689
0.8665220967621325
0.7756877970413012
0.9232730459724323
0.9188074849349823
0.8444217736646507
0.9424969499796666
0.8925517985057383
0.8416618245206275
0.8762855414398064
0.6812863777999882
0.8684703589897323
0.7086161560569927
0.8105196894453381
0.8377674956622325
0.6645257483656382
0.7926670770914565
0.8589429990363946
0.864131245339299
0.8654865934722532
0.8514327700220425
0.8056173526140155
0.75354402393029
0.8127937153678892
0.9178613861386139
0.7649349792065482
0.8743680676073341
0.7915300546448087
0.7571876633559853
0.8374647683746476
0.803773323160158
0.863422993815662
0.860665478312537
0.7294473120987033
0.9488250225169902
0.7589233086646145
0.8907679298946882
0.8111437771244575
0.9092906465787822
0.8202732356480498
0.9182978048973769
0.7922335407123812
0.7252926081241785
0.8847827746812247
0.7141624553186244
0.8136497682909702
0.25454146073585937
0.40219353047341383
0.7822330228162548
0.7223087951131335
0.750712619849702
0.7465051858532501
0.7370094765629969
0.9070841487279844
0.7479506874072162
0.8588156822055881
0.9182978048973769
0.7430110284688382
0.95280381516198
0.7814417695056982
0.867754979781339
0.8968346103242784
0.8925517985057383
0.726611487333835
0.7030700157747846
0.8337290452550543
0.6915318971176225
0.7918004783054321
0.8352313680265244
0.7889970722407571
0.7684350132625994
0.6434203220433091
0.8450991831971996
0.7741849278460716
0.7638760711931444
0.7525163971686473
0.7674680442413405
0.8405628898882924
0.6110847439751094
0.546062862259083
0.8024930747922439
0.8184771860432264
0.6302621559882519
0.5765460968207374
0.7075777004335349
0.7378072074366485
0.8123378899404137
0.8044429017702186
0.7285301144222307
0.7515403074129321
0.7564956260608435
0.632394673652041
0.7708374908534558
0.8802126851500189
0.8801458301686161
0.6355509241485219
0.8209705986539143
0.7188139693567396
0.8441142191142191
0.702771544666141
0.6478085867620751
0.7452090032154342
0.603698879916645
0.8247686832740213
0.6921101355790478
0.7682312383983028
0.6630049204714498
0.7614166502398317
0.7150438109342219
0.6617554679915482
0.8107465192751695
0.4515978176149649
