0.7910324969148499
0.8185300794551644
0.2950291500460264
0.8822449915889279
0.8546666666666667
0.9839672522599352
0.08561887800534283
0.4440083121680905
0.8515129151291512
0.8681715575620768
0.760179206746607
0.7505854800936766
0.13985793594996243
0.9549743419963582
0.6346534653465347
0.9217127336635245
0.3240647118301314
0.15613413082898048
0.7703298170650286
0.8281653746770025
0.9331931413781946
0.8860390109046229
0.7793839502837071
0.7022519780888619
0.08525825759255154
0.7290534563376722
0.8176020408163264
0.5842025316455695
0.7413261372397839
0.783193049144719
0.8179498085920887
0.328399840610235
0.1403308197518852
0.8668670172802404
0.320482195433587
0.3041277874426696
0.5863400752108954
0.26626973137635
0.5154574696211579
0.7971535166505457
0.8336705202312138
0.8409620991253645
0.7526418786692758
0.32189487780381654
0.66463133640553
0.7641059602649006
0.26740520997496986
0.4530035335689046
0.7441950464396284
0.27665084160552433
0.8891800246609124
0.16229217655498357
0.6928065329650533
0.7744663713250101
0.9496296296296296
0.4904778098962761
0.8782158623839244
0.46089318526803547
0.5789843436370936
0.9982695968160581
0.8379084967320263
0.7957241379310344
0.8677797833935017
0.4333683894230769
0.9996534396118523
0.9583056478405315
0.9656846334114496
0.8715818099410786
0.996545171877699
0.9189232239566741
0.8934489701099582
0.9129609115366355
0.9400358481342674
0.9368301396557324
0.9666554959785523
0.8794207317073172
0.8719770253929866
0.9575103734439835
0.8803601403937127
0.9099369085173502
0.9749873246577656
0.9043737262893871
0.7357479913276367
0.9432635709614126
0.8062893081761006
0.9236311239193083
0.8333092589917666
0.7565901639344261
0.8946960297766751
0.8792866941015091
0.9794567062818336
1.0
0.9371345029239766
0.9060782158002197
0.8299525248165731
0.8480082316625018
0.8300719424460432
0.7959437086092714
0.8578438661710036
0.9725219150370868
0.8535286284953396
0.8092299060176742
0.7836185819070903
0.7981460985058106
0.8294751976994965
0.7312713905437951
0.7273071104387292
0.8399825276645311
0.827690100430416
0.8247319513938527
0.7926628194558943
0.8227324586423274
0.7840445773307964
0.8352396119878384
0.9173159484814756
0.8201592266135912
0.9076463184392698
0.8134517766497461
0.823084605507205
0.8011387307318427
0.8771476357001671
0.9380487804878047
0.8312680115273775
0.7573847971642379
0.8294751976994965
0.5804990943851881
0.43145613641462865
0.68694927363658
