0.9834823458099708
0.9514733909983872
0.9332758124820245
0.97593984962406
1.0
0.9599171720159738
0.9882747068676716
0.97593984962406
0.9361026972450598
0.975060096153846
0.9680787589498804
0.9286020889969953
0.9621942179392141
0.9430398140075557
0.9311334289813484
0.911772969935375
0.9384037015615961
0.9283364325561435
0.9521713615023474
0.9796226415094338
0.9462020702726343
0.8925869894099847
0.9070580013976238
0.9103661102538924
0.886733160267796
0.8881894074175446
0.912798874824191
0.8718430951101557
0.9251603706343549
0.8856441048034932
0.8993902439024389
0.9017646241489509
0.9486917117380497
0.9260844748858446
0.870206489675516
0.9138270909602926
0.9093456634440241
0.8727810650887573
0.9138270909602926
0.9026425591098748
0.8721945975003358
0.9151156232374504
0.8655641504401173
0.9164077944083591
0.8862488051345075
0.8944321940463064
0.9031450041747842
0.87643484132343
0.8464849354375894
0.8928325766955563
0.8927097661623107
0.8494764397905757
0.8917284968397909
0.8617713451068914
0.8961612814139738
0.8757252732424774
0.8485878661087866
0.8669516430670583
0.8725463834364074
0.8712578869646931
0.8458230157695816
0.6625153123723969
0.21386673696698075
0.7419686749742768
0.6951585261353898
0.6588163638209318
0.7456341911764705
0.8401294498381876
0.7359945565887955
0.6848881384550441
0.7522893242146748
0.8452722063037247
0.7706008074091664
0.6988263163561967
0.773816620961011
0.6989768443726441
0.8006415001233653
0.6986006458557587
0.7652399481193255
0.8250699211797607
0.6601566473400468
0.7346615349784921
0.6539701733172106
0.8537227045514335
0.6069391190498455
0.868576017130621
0.7889618283491368
0.7677747545250205
0.6344086021505375
0.7706008074091664
0.838392972484175
0.8232906253964225
0.8270676691729322
0.7899221032132423
0.8286516853932584
0.7985726590377752
0.712169428289257
0.8000493096646941
0.7876213592233009
0.5954674740801907
0.7410367663850193
0.6750572082379861
0.8470373270686504
0.7887700534759357
0.8564264977566639
0.8724290899314423
0.7044393791381742
0.8909939593629872
0.8056107249255212
0.7646088595664466
0.8087227414330217
0.8340830227477187
0.8087227414330217
0.6725388601036268
0.7651497288375381
0.6578813988849467
0.6499749624436654
0.651344841429145
0.7044393791381742
0.8470373270686504
0.7543880041845867
0.8161468812877262
0.6642104185856103
0.8404558404558403
0.7365792759051186
0.808319840577905
0.762184380504991
0.3006439060545698
