0.9530202238786034
1.0
0.9721020540245937
0.9029183962741723
0.8446693896880365
0.9478858737170758
0.8392591416253476
0.9120369186715414
0.9726188934406674
0.9029069693863345
0.8055756289237161
0.8714372087626191
0.8064634635709562
0.8774929125335923
0.7667053538805425
0.8330754724692173
0.7501156531247372
0.7354131126080391
0.7402776624885864
0.9464649345653054
0.8008913136211581
0.7987751629010948
0.8524149466829952
0.7427360837835868
0.7455808047820839
0.8379087807484747
0.8746153751854168
0.8009227815915175
0.7209806428141943
0.7515814867292062
0.7927046065642985
0.8599979508073217
0.7065680274129975
0.7849641597764317
0.7656480562337348
0.777954060964905
0.806527280846037
0.6913710650380113
0.7220715341173612
0.857527479461769
0.6964564623194065
0.7612772427774963
0.7157511399148261
0.7660097596590024
0.658097425537999
0.6459834848429974
0.6552175410400644
0.6717447285292609
0.6914615235510757
0.7208021822590421
0.64052035264755
0.7189499672494584
0.6541631900827962
0.7448802209217953
0.7129829961375299
0.6500416839400663
0.6273880449359158
0.6349736113706957
0.7098369300261669
0.738011006289308
0.7133572635557378
0.5198235317690175
0.5223907918051752
0.38160977331807144
