1.0
0.9614052449282533
0.9785126741648481
0.9470349309504467
0.9826365475387727
0.9837974683544304
0.9332372718539866
0.9400096758587325
0.9928461931527849
0.9397065935837497
0.9173748819641171
0.9223101265822785
0.9518288700195949
0.9721480987324884
0.9530739045127534
0.929665071770335
0.9087932647333958
0.9607713861875723
0.9668270028197049
0.9387985182799163
0.9721480987324884
0.932341650671785
0.9569857166310951
0.9681116093672146
0.9116359086643728
0.9116359086643728
0.9290723621294231
0.9395551257253386
0.8822461026184351
0.9058275058275059
0.9245043616177637
0.8987049028677151
0.9180973381634903
0.9055460618300452
0.894292727830623
0.8888380603842634
0.8441708906589428
0.9196907541811297
0.8996758759067759
0.9320434921650143
0.9198358844879281
0.8724741805118993
0.9097861713750585
0.868315209295397
0.9056867619639527
0.9031608304927177
0.8469921534437662
0.8585947856827221
0.8713004484304934
0.8125174240312238
0.8882962511429442
0.8563243719700308
0.9794992438245673
0.8838514025777103
0.873127621330138
0.8352199455509386
0.8500802100043751
0.8460087082728591
0.8318824033109747
0.734593572778828
0.8468690977771319
0.20814883588058847
0.2688281141908407
0.7864274150026983
0.8034458993797381
0.7803212851405623
0.7644590163934426
0.7893026404874746
0.7547585135310114
0.6180680733750398
0.500730177819775
0.7434948979591837
0.6624616433685646
0.7252706233669279
0.6386545414703626
0.6375369134857267
0.4785321402183728
0.6539885560417367
0.5429396423248882
0.5590294427927496
0.5246152461524615
0.4168633340484874
0.7540750323415265
0.7714399152991
0.4804252864089673
0.5895620511783151
0.7223048327137546
0.44783343577135837
0.7481709664998075
0.4897084768545744
0.5137946231820185
0.4237423669671416
0.6344144536351765
0.6329677489412532
0.5017214666896196
0.5477868621370172
0.47034616315662064
0.42951882691032356
0.40574968676040657
0.8728661275831088
0.31256367633653276
0.4264393883971029
0.5012899896800825
0.4397254073627037
0.6478826275425141
0.8139924591537495
0.48802746148693904
0.7940335104209235
0.4160005709391949
0.47282608695652173
0.5917766497461929
0.6035411058190101
0.438732500376336
0.8407615750757248
0.5977235438884331
0.6496155132062856
0.46228884130383063
0.4258474576271186
0.6615594143684033
0.4467693722694873
0.42572304995617877
0.41938268940211526
0.72105393369619
0.44724929026317806
0.5621022179363548
0.6748089835610096
0.7167097012172631
0.3510388437217706
