0.8760280231495583
0.930970300234685
0.9770681161882112
0.9760733073137622
0.9810677127750299
0.9352085196325501
1.0
0.9896765313145217
0.9865363176399966
0.9685947629872863
0.9759077027485579
0.9457415323906609
0.9731009981390627
0.9912968548039638
0.9764046851128841
0.9522390530585216
0.9599465954606141
0.9428735349561511
0.9441891004596192
0.9553230360405247
0.9326307255776247
0.9234968290920768
0.9342970843823601
0.8826824215453081
0.9530279181509403
0.9565940462331615
0.8814650218374072
0.9061121613106489
0.9174575324986043
0.9374185136897002
0.37862032648762506
0.8804530843410379
0.9106308873585056
0.8306736948516138
0.8956014013234721
0.8811949444657219
0.9085452535144527
0.9057554523265885
0.9127261186924787
0.902770148316723
0.8629510164278748
0.8784361637141112
0.8951832542214613
0.8966484801247078
0.8917138206340595
0.9001564945226915
0.9063977308540813
0.9096228354550487
0.9339936672891126
0.8940701018108339
0.8786374398533568
0.8797797491587641
0.9004383218534752
0.8912302448094205
0.8944872093927376
0.9263971654050572
0.8683574879227055
0.8853998306780575
0.8898514851485149
0.8625627952313113
0.9058981022127727
0.6448069054425201
0.8401372964288323
0.6050278741979594
0.7739504843918192
0.7853631895139268
0.7604442094130089
0.7696012844527697
0.8515173945225759
0.7960694761608195
0.8113979404711524
0.8130035335689046
0.8464424987123833
0.7585388368719503
0.7916322598403525
0.8851954447522316
0.8557613627910436
0.8681608935174703
0.8395241917828213
0.7986115931968066
0.8820733016408527
0.8396467411137875
0.7422414349312859
0.7605447573714134
0.8550616916902036
0.7262626262626263
0.6252853571040331
0.8429073856975382
0.7715109650593522
0.8661346182803793
0.774627971180392
0.8461312150632538
0.830433841045261
0.8640528766711734
0.8633395872420263
0.7562947866675431
0.8362896190753126
0.7401402560638229
0.8475025784588184
0.8515173945225759
0.7444509156798033
0.8197819425639565
0.7587889980871974
0.806166783461808
0.824186846253045
0.7831177671885637
0.7190449403087693
0.8331402085747392
0.6217370156190888
0.6927199373758055
0.7505219206680586
0.737530452622131
0.8013374198941211
0.8588279208659948
0.8103691180614258
0.8191981770277006
0.7837046120307923
0.7081999507510466
0.7877833321920152
0.7287931580614507
0.7886474257900871
0.7377669467068557
0.8926132836747362
0.6335150614020595
0.7045997427573957
0.5125874437463798
0.3926279863481229
0.3254498132850515
0.8318148951554591
0.9040471512770137
0.8655481152659694
0.744258264863816
0.7972832490124057
0.8578032958019536
0.8038010061486864
0.8387284922717995
0.7670867506834701
0.7214800878018187
0.7967310755592494
0.8325975247883042
0.687997129358292
0.7738463608233553
0.7434886576617333
0.7667799773378658
0.7429124959638359
0.7831177671885637
0.7018913971934106
0.7708905716008846
0.7355498721227621
0.7514533934287022
0.7324123002482971
0.7629153126865178
0.7331591358103372
0.7822125518460599
0.7056369993252776
0.7941460720695844
0.7874597850640017
0.734188525113281
0.7996107597136305
0.7527810496008376
0.7133821158377774
0.7824785743436267
0.8106546402649567
0.7934887570699406
0.6680991927521924
0.7392841077051604
0.5957843492671812
0.7983344899375434
0.7088982006408676
0.7668822078528098
0.7675985854407154
0.7448847448847449
0.7991108641289247
0.7710972585293921
0.7718733225979603
0.7648427631141548
0.7681111036923283
0.7420977938330537
0.7156454121306376
0.7365388309110699
0.7991108641289247
0.776720005401391
0.7222954730960005
0.72920892494929
0.7513552347985109
0.7665755980542412
0.7046860643185298
0.695988868050094
0.6917618761274805
0.3961568924549743
0.8327180600796237
0.5909791431213398
