0.9996120492925604
0.9983703517988808
0.9874770337139445
0.9507303626853038
0.9678082191780824
0.9873546118474438
0.9845915236521797
0.992353960648384
0.9768079744887719
0.9935469237312162
1.0
0.996020737641548
0.9937723328228688
0.9795712991848647
0.9722548997846978
0.9834199566696228
0.9613088706491683
0.9766010813221113
0.9562512279782566
0.9627350352209412
0.9514634808579961
0.9427907277071091
0.9489487537776623
0.96447326412207
0.955969489638917
0.9497614917606244
0.9384982913216279
0.9374638844301766
0.9469690418540297
0.955521137821212
0.9401601167607476
0.9291517298432428
0.9268416542355667
0.9430038428004003
0.9608871144649671
0.934583626704218
0.9323457105456402
0.951618509667608
0.9557296212253447
0.9251190639618996
0.9258229854689564
0.9259501965923985
0.971575596934645
0.9038068709377901
0.9035458652199921
0.9142099825727613
0.9242016647150045
0.9139238657583691
0.884373107207753
0.8821556958583815
0.8844266763583499
0.8781852082038533
0.9610241446264219
0.9209953637997917
0.929624992041427
0.9351922029953992
0.9215960613934504
0.9427501452768869
0.9100787434293905
0.9038814716988919
0.9171770470178083
0.570006441412426
0.3328482794518258
0.38091552602744494
0.8058539995584664
0.8098169717138104
0.7602905569007264
0.8224525432321298
0.7542942751607932
0.6634003755982311
0.7010386825216458
0.8562548258774544
0.5540160248910698
0.7079558770051315
0.8648429864655419
0.6747279322853689
0.6609628573368642
0.6758887791630663
0.5866054210413542
0.7881568648619471
0.49814062979768686
0.8082778218589116
0.8674634373360003
0.8459525487886134
0.580191397066128
0.5926171454856625
0.7804543429844099
0.732026471472977
0.871198711191551
0.7705352038348213
0.6284099304922924
0.6337606342959662
0.5890270960801453
0.5996344944181684
0.5571305923876753
0.8634535777646363
0.8238757123779789
0.607400628158995
0.8328833282628536
0.5627601623927231
0.7440695096781864
0.8297751425486369
0.8402566635654751
0.8281670967924902
0.7720699045554292
0.5609979444291467
0.7348633549750869
0.7434570080450795
0.5706599269136317
0.564471649484536
0.5518696769641687
0.5904801703917392
0.5175182093678558
0.5614509565161663
0.7462180579216353
0.6404977408647589
0.6815359960168661
0.6894744298059214
0.8447615833373513
0.7570449615886485
0.5698803723483838
0.784135764345748
0.8016507750590215
0.5677898543679881
0.8046697038724373
0.24868145406237047
0.6608033188761078
0.527248325379009
0.834788077450831
0.8867452806316108
0.874241577518761
0.8844623927309438
0.9076178734602115
0.7849296658005553
0.8188088829071332
0.7590718469483242
0.7846414273047263
0.7838691493454782
0.8151442687930923
0.784971864807713
0.824565861922914
0.7981741649811402
0.759848734539525
0.8471878384651089
0.9539604068210031
0.8413460615024104
0.8520326784672243
0.8507419204474829
0.7904467161714683
0.7001254705144291
0.8485417897581433
0.887490882567469
0.8523393946469747
0.8194062517537459
0.8419201383883524
0.8483856597780403
0.8784846175444226
0.9050019627693642
0.803393094593975
0.755093949319083
0.8963259292605817
0.8754296906227514
0.774869758267807
0.79990869247626
0.6515588742785744
0.8596746020842737
0.8051060075542443
0.8214037917002645
0.7404408533080902
0.7399905395817142
0.869270993540449
0.8729783862963737
0.8222286878091358
0.7891863649466706
0.8057798789573406
0.7944321015642711
0.8365896980461812
0.8901963175222534
0.8302233678604258
0.8350586216757219
0.790033276519763
0.8466065578523179
0.7109030122046223
0.7700813980063641
0.7612815766834381
0.7372008482278098
0.8379820936639116
0.8367175412122021
0.7851055249361473
0.13341211621896976
0.20512976613061842
0.6606289118467686
