0.9977019863029283
0.9709382784389703
0.9509867707655607
0.9824459206649715
0.9956066161862704
0.9686968431749399
0.9826440632388039
0.9632176081011322
0.9005308716769179
0.8938672754884674
0.9524533547644388
0.9072757932197429
0.8477689273838064
0.8859928271960398
0.9531469063481539
0.8761413814461828
1.0
0.8970031707067607
0.8525903386057183
0.9660931062592256
0.8586842646353284
0.8860375833501716
0.8990906574536358
0.9401801029159521
0.8191285667585111
0.8989524180487505
0.9207059095251593
0.8515141805753789
0.7806519378326894
0.8983814792050809
0.8764215617692322
0.8631040251943706
0.9189693292676537
0.8872207834250567
0.8339117784095772
0.8384561698710288
0.8562279108820026
0.7920809963782841
0.9167407097684628
0.7962448475604219
0.8638181352559935
0.8400785478231716
0.8061625010341309
0.832731968551787
0.8833068106278831
0.8621452375568947
0.7969322198696921
0.8672263589348047
0.8302879972733985
0.7977586348048358
0.8173574284462753
0.8282336053188274
0.8813981769027447
0.845146431015043
0.8575088244209127
0.8264540691318933
0.7643300999642674
0.8651048088779283
0.8246588996398582
0.8767545087375536
0.8474412492269635
0.4792402102755221
0.5548174859239577
0.4286433462529142
0.7587621016931555
0.7324752987947983
0.8391461185903877
0.8402234208685823
0.7198673539744558
0.7138496601684914
0.7229471844628181
0.7520731320372862
0.7584536884891464
0.7995405149150315
0.7273963854122604
0.7968018897923953
0.7306141490886068
0.8282336053188274
0.8970215203338514
0.7302856191189941
0.8420062214370752
0.8050081235141311
0.8674922845612091
0.8252564223205043
0.5015756452710625
0.8518946642447084
0.7481722246393503
0.8803011292346299
0.8061550906349966
0.7152352447050573
0.76640071309348
0.5009424801507968
0.7995769627016037
0.8611716648009584
0.8001167787316734
0.8440970952280122
0.8612477781378585
0.6940926934278839
0.7710025670781024
0.7880950027408091
0.8051115864462172
0.4924808230101417
0.7319678835528404
0.8733233088696588
0.8129779837775203
0.7752212076479063
0.740134355061945
0.7615888288726401
0.801022971183267
0.7089905171507798
0.7876066457117198
0.8209919305012076
0.4992656184176069
0.7328547911322063
0.7030792788026006
0.826672196666918
0.48391813672204775
0.7436741062343124
0.7982160735414581
0.8279443002124146
0.6704739187939115
0.7457039121820981
0.7285021265284424
0.8112633321924462
0.7758178376178765
0.06672743402962181
0.42053677179286764
0.5105694275451333
