0.9971814621971685
0.9862952480262176
0.9786933017991383
0.9661462133372245
0.9948056408165018
0.9558447450915689
0.9507662009969844
0.942491103202847
0.9825941316146538
0.9978255253186358
0.9723282843116687
0.9794171720800489
0.962374634024793
1.0
0.9437962001344006
0.9446426023683837
0.9593467326281799
0.9805153592282306
0.9429129452932679
0.9569894693371876
0.9492278703969196
0.9513321564924668
0.9262730833799663
0.9741062233338238
0.9570092300068141
0.958771203971866
0.9413616606410206
0.9489557739557739
0.9333051410620431
0.9132953672138254
0.938749468311357
0.8949197706076579
0.950629691922714
0.9351317541664985
0.9121988663202646
0.8913741705933262
0.9574046148443469
0.9064541365147663
0.948994635324952
0.8950061795149081
0.8692887688498762
0.9064541365147663
0.9059757217976034
0.8393306651695975
0.9189998413705582
0.9155143805309733
0.9035031288379438
0.9527793766959953
0.9101209645746602
0.9106753384551903
0.9473458291601087
0.9146110431384932
0.8824806260591405
0.8650217435935721
0.8791160849772383
0.940120489259417
0.9433351651706661
0.900203942895989
0.9287417590124843
0.8866166736809886
0.849889058001577
0.43564942755625735
0.8549214196118939
0.7569946917109023
0.8469536932129674
0.8244303324617107
0.7548002540592479
0.896876693242511
0.8744222025168386
0.7618726677954399
0.795588361514033
0.829164877629884
0.7977932316590353
0.8685231340067087
0.8272556894243641
0.8611802742576834
0.8777508427711073
0.8452237662763977
0.9149902276271888
0.8277432490355765
0.5304195564100803
0.4273306471689241
0.8806696182567882
0.845948856480552
0.8848562373515598
0.8517946738710922
0.9069685524745112
0.8829681844160792
0.8587389524003631
0.8679701106803752
0.8751321752265859
0.8910828270399138
0.8759922885007938
0.832321672293657
0.8475267440797293
0.734733671528218
0.8774184998674793
0.848923894129499
0.9217963762206884
0.8885544478527607
0.7321916617956049
0.7757988651010194
0.7714342782003694
0.8842990975176966
0.8166152761871202
0.7224785658612628
0.8381770503662176
0.8799172235722965
0.8543540775696801
0.8093707978974207
0.8625104680375919
0.7589905672736801
0.8546218952259775
0.85678633489851
0.8356833754056979
0.8270637781505408
0.9201675667090214
0.7569699642314665
0.8102197437197349
0.8881117541102976
0.7777125213947713
0.8820271761884826
0.7762796462548573
0.8482092201826468
0.8361809226550236
0.8326057666397196
0.795738616853238
0.7902167055975176
