0.9864959663276044
0.9334550282110853
0.9720062208398135
0.9517766497461928
1.0
0.948246797033041
0.9147828915270774
0.9107836787564766
0.9498480243161094
0.9666609383055508
0.9185173089483997
0.9607173356105893
0.9297520661157026
0.90711175616836
0.9359400998336106
0.927146860062634
0.8829069219902684
0.8726341917468199
0.9076972728739712
0.8935663224781573
0.9162730086333277
0.9212250245660005
0.8994243684042211
0.9259259259259259
0.8808330723457564
0.9100469179744376
0.9254689042448173
0.9021651964715317
0.8513697593461481
0.8467559837422851
0.8303808680248007
0.8573388203017834
0.8573388203017834
0.9152294175073219
0.8716875871687586
0.8669852034525277
0.9014423076923077
0.8879242304656669
0.8525310700212185
0.8636573007830493
0.8473937933112383
0.8426966292134831
0.8816614420062696
0.8485442751546236
0.8813851457223442
0.8603548485775466
0.8003699487763233
0.8495695514272769
0.8339510748702743
0.8353133353133353
0.8048361711260553
0.7998009384331012
0.7932590607812718
0.8276927604473219
0.8212877792378448
0.7867132867132868
0.8319775181186214
0.8710126974295448
0.8113370835136304
0.711935198076193
0.8448483027936317
0.21529452290733725
0.1584685598377282
0.1579302018698936
