0.6401468939085856
0.9840680470570408
0.9332902136222354
0.9366052432295987
0.9326869557410901
0.7152239463575156
0.6130695967237493
0.9066727174349399
0.8532522996057821
0.8916543650657422
0.9730448627891731
0.7187469732818619
0.9425875521683906
0.963354474982382
0.7473169328154223
0.9447131997235662
0.8974930458370047
0.9846836258861886
0.9189753387821535
0.6720573395088882
0.935542548401621
0.8945872870993854
0.7197129239636445
0.6559252478060484
0.8528320472828764
0.8320412608918504
0.9040375913679083
0.8264286623393153
0.9037073119813505
0.8761785888980721
0.6724923618662939
0.8752632731806771
0.9217147521203735
0.6554286795785755
0.6839859900455587
0.7440095103052179
0.912534036012297
0.8969196767732579
0.6584444557116058
0.7735469748186977
0.8775551576173262
0.838420194651129
0.8807691003425007
1.0
0.8149031296572281
0.858171845831062
0.8202949815241766
0.8724261865573882
0.9739388030598471
0.7513270368388321
0.6912584667385259
0.7604784282723586
0.7753712963654005
0.7432430498919746
0.6794323458243412
0.8049899271656594
0.6977956288704109
0.5879170627914346
0.7312836106653151
0.7953150118655745
0.6247414249290422
0.6846350528507789
0.510360276274034
0.29398015834837776
0.74039338654504
0.5203862875919136
0.7812133425572234
0.9628366480695447
0.523781194857575
0.643573065725082
0.45751277082966363
0.7282285650199068
0.47239096431559424
0.3964284351509139
0.44677813327828814
0.543379568610222
0.5002407503707557
0.5533410739584776
0.7927298254181419
0.3531291212899893
0.8137287153218354
0.494347164065474
0.3430454479415688
0.47853563269216604
0.4354050542726626
0.5504270243923115
0.7725575930635495
0.7472416818907607
0.5790758597625552
0.5370760959470637
0.36203844384661493
0.5447014659312543
0.5570915330580729
0.38092235038755146
0.3917791688664303
0.3950476451217936
0.7661199929207717
0.36171323923654874
0.524738873063014
0.7743887895050686
0.41729727992802174
0.6108491398064418
0.48751783166904433
0.5213525096098839
0.7394027386340991
0.4515355128082543
0.5378045119009411
0.37160291582313343
0.6236239000204089
0.5432318246465323
0.3383949917593335
0.33799865961337
0.5341106552741706
0.3526520525997787
0.691184884571885
0.5826089882347665
0.3181659490282789
0.41213246378191404
0.6838689292908017
0.3996030586027048
0.6544707764800746
0.7589340502001578
0.6014844319905516
0.3511596936326702
0.5504445221519323
0.36024577658187473
0.5442620202634033
0.39641935926983013
