1.0
0.9639589715707698
0.9766520477128754
0.9689128972591223
0.9393556538218574
0.9652710159039274
0.989896386965158
0.9755462673932597
0.943122532070299
0.964231179534378
0.9619875413462441
0.944243020135603
0.9662928414212348
0.9657361336615515
0.959294945164714
0.971393650760202
0.990311076737991
0.9732599997888669
0.9805368841997789
0.9046432216029516
0.9306978669277907
0.9045367136297634
0.9170429904310979
0.9264425106015236
0.872594765983626
0.9080111095790573
0.8724874134080328
0.8819691577698696
0.9322224132177923
0.9385141600667795
0.8796549848769643
0.8959659471909348
0.9506300138169971
0.8572039571556086
0.8911421280544387
0.8870180975013711
0.8728508672271454
0.8552398445254594
0.832256084350401
0.8147801187782806
0.8385846825541206
0.8482601254991444
0.8752788827600613
0.7886299869978786
0.8054269390037216
0.8109743761160422
0.8330080595612419
0.8181422879302849
0.7837759717074166
0.7788563077105035
0.8097065720483748
0.8257337596618034
0.8008443290103456
0.7987627901335114
0.7857934302712102
0.7891024872896589
0.7854118569128409
0.7685843622085318
0.7712333007085436
0.7959698167941568
0.8291498412641312
0.28205355695129825
0.40730546805624895
0.6810167162812
