0.9842684388277592
0.968837129498563
0.9669085382820695
1.0
0.9239343859936187
0.9435219416421247
0.9292752669148959
0.9411629893535013
0.9651319303493218
0.9407905698100634
0.9696065594882913
0.9811046195947266
0.9492319653701486
0.9609640912185161
0.9475594151825981
0.9081277767726114
0.9627458920312866
0.9016746841254317
0.892341425834107
0.9011710255949886
0.908
0.9163252058907057
0.9202265273279147
0.9011530481966168
0.8761079110180175
0.8621788754437532
0.9002192108409726
0.8875375758885593
0.9124936875063124
0.8876945448828801
0.904382470119522
0.9061421808553318
0.8739721786909669
0.8997530175676214
0.8621624200782517
0.8585084951917594
0.8810461850522703
0.8876247740312819
0.8674104228272975
0.8561329694488667
0.9042919485927055
0.8660301758018443
0.8784248906174039
0.9035322825826065
0.8757682092243267
0.9616801141081047
0.860028557829605
0.8753609146400544
0.886666535811726
0.9178892185150566
0.808783771686391
0.8555816508201067
0.8789376398482343
0.857514379544031
0.8601104341203352
0.8631013794948221
0.8642903608464395
0.8872586569245575
0.8492282819167936
0.8166205687220928
0.8675936773772255
0.4550014605010022
0.6016408507917905
0.44367725777144823
0.7650216772795014
0.7130815008918846
0.7732189928451612
0.7977994419130374
0.8059123670877043
0.8237385802075167
0.7656570450346617
0.7682091049776372
0.8576446241764918
0.699056019808109
0.8002586451247166
0.8548207020531745
0.8016077227476798
0.8006841788081819
0.8696983115457924
0.8016503992901509
0.8381823579619253
0.7934414135914144
0.8678937155372822
0.8169454742743467
0.8301266148446258
0.8618992196294671
0.7070433557677258
0.8340503314192871
0.8494997743342864
0.5205402104147222
0.6879940297598196
0.8207602020422254
0.8256054098510465
0.8150587301300904
0.8552091024403173
0.7207154025335845
0.8034326367274344
0.7788179717940761
0.8113258378533712
0.8167386862897539
0.8266176255306691
0.7969268223837415
0.8394440005203203
0.7598230505281571
0.8271625283820406
0.8036899318590212
0.8124348045034351
0.7600659566234247
0.7706204472952456
0.8229882125744685
0.7793151039420341
0.8284975423666643
0.7198425598368232
0.7789925675559158
0.7485541949061264
0.750531667442015
0.8150146140800347
0.7730072897771997
0.8400371920037192
0.6810547581715113
0.8463008411862788
0.8230931817353595
0.862409316533028
0.7874250453214335
0.7455520712988942
0.5128924212319047
0.44943339534976273
0.5535025057282541
