0.9805033871234234
0.9817036857313012
0.9666402423794888
0.9940589857840016
0.9994610556572312
0.9677752530468912
1.0
0.9712175269767492
0.9842436974789915
0.9724482995946993
0.9776603806741423
0.9713447037897884
0.993005510809665
0.9468572826584122
0.9746950485075443
0.9688180235089245
0.9711539510577248
0.9651833539348991
0.980762662377012
0.9705927250523378
0.9626365307667352
0.9579746018080069
0.9505782599873989
0.9370493183851781
0.980838310157128
0.9395615414656802
0.9704340052547231
0.9447569518149013
0.9644617801614388
0.9241782429037149
0.9753572054698457
0.9732776435342612
0.9474418060093877
0.9366352052358554
0.976052368995274
0.9536027253444176
0.9611086517593962
0.9634283611489922
0.9385510791518616
0.9612435747915855
0.975752792484681
0.9602895486320878
0.9747697631380107
0.9527147795746683
0.9208988113096284
0.930233773291114
0.9569447430660073
0.9132272526750996
0.9503549885229273
0.9349725857614015
0.8926315156134051
0.9474518903269755
0.9066879889178618
0.8905774771890508
0.9277324411927169
0.9562148865088999
0.9502839695960372
0.9156508769222855
0.91628237328612
0.8965694371701382
0.8910142838553394
0.06776689376170018
0.2763188119672446
0.5377607549130364
0.7683775291761619
0.6895576729413587
0.8587622401234866
0.7904925981510917
0.7270625903570174
0.7250608867059273
0.6798567195185288
0.6130129675157876
0.5098779363160939
0.8896873625714627
0.6238917274683377
0.6021606483297931
0.5787937110680521
0.5908140576776292
0.5703895937459951
0.5103456579196312
0.6928046075417363
0.6427957625955908
0.5864274797090756
0.600920806583362
0.8617551672394599
0.8722855910943869
0.8208989634438748
0.8029062111016902
0.7902119008939429
0.8082500249698091
0.7832862560826446
0.7914766109169801
0.74092725153987
0.891665831914254
0.6552495785762132
0.7643528138899861
0.7758109780543498
0.6814180292730723
0.7495558156571823
0.8407317856400762
0.8717132644567399
0.8621140510595438
0.7517206434995567
0.6708442923785335
0.7571684968910286
0.7626697511031144
0.7698394852457882
0.8428971838721284
0.8214595522415606
0.7041378928466899
0.7241701919947933
0.7650360107946439
0.875365083735704
0.7437377805257089
0.7300500287049946
0.7142627883650953
0.6844780388779527
0.887744213182276
0.7568144331649918
0.7021107097222002
0.7563514317274194
0.7491205628397825
0.6953482013826504
0.8548284869204472
0.8390517485154113
0.7814777096904464
0.13731902782170044
0.6784369617243114
0.9109375959393355
0.8988871834228702
0.8466250083221578
0.5365096585601061
0.7073946040449796
0.9601031127984984
0.8004946043165467
0.9034395964639851
0.7213942444060847
0.7014688962789012
0.8036528443613841
0.8112036598257572
0.8694399406145611
0.8579097515372308
0.7952880423129155
0.8638878105590061
0.7996101434564286
0.9495034613702545
0.7328508858591847
0.8090066345542124
0.859956912791877
0.8381511054197581
0.8719865207723128
0.7649439708510931
0.913292840580305
0.8126774579350515
0.8001707941929973
0.8798991746157266
0.9115626056056771
0.8324059960537511
0.8912819280486217
0.8514433837736498
0.928041952938478
0.868422079569179
0.834434789129803
0.7986631375891615
0.7742791284303919
0.8340438689366327
0.8742474390830787
0.8468021956068835
0.8704091211327101
0.8463513192298548
0.8205508747995058
0.8217553058907158
0.873432501913378
0.8978716965906799
0.892524114143622
0.7925971435694696
0.7895320371815795
0.9061711051388548
0.902505297523091
0.8604224058769514
0.8360335484113343
0.8216036107547326
0.8128852563809872
0.8315506272945528
0.9147569622854794
0.8047717635997069
0.8168162381398081
0.8076560146623839
0.8610799411855748
0.8331773339074111
0.2679947734772032
0.37506056839488483
