511.000000000000 146.000000000000 7.000000000000 0.182680940000
7.000000000000 7.000000000000 146.000000000000 0.033635940000
1022.000000000000 146.000000000000 7.000000000000 0.335678240000
14.000000000000 511.000000000000 1022.000000000000 1000000000.000000000000
14.000000000000 2.000000000000 2.000000000000 0.068338760000
2.000000000000 14.000000000000 2.000000000000 0.070450120000
7.000000000000 146.000000000000 511.000000000000 1000000000.000000000000
73.000000000000 1.000000000000 146.000000000000 0.245832200000
146.000000000000 2.000000000000 2.000000000000 0.130634760000
7.000000000000 146.000000000000 7.000000000000 0.089268400000
1.000000000000 2.000000000000 2.000000000000 0.090171060000
2.000000000000 1022.000000000000 7.000000000000 0.072252580000
73.000000000000 14.000000000000 511.000000000000 0.117292420000
2.000000000000 73.000000000000 146.000000000000 0.224112220000
1.000000000000 1.000000000000 1.000000000000 0.180416340000
1022.000000000000 1022.000000000000 7.000000000000 0.348797720000
14.000000000000 73.000000000000 73.000000000000 0.104231840000
1.000000000000 146.000000000000 14.000000000000 0.030804680000
1.000000000000 146.000000000000 73.000000000000 0.024521160000
73.000000000000 1.000000000000 511.000000000000 0.251960820000
146.000000000000 1022.000000000000 146.000000000000 1000000000.000000000000
1022.000000000000 511.000000000000 2.000000000000 0.307130360000
2.000000000000 511.000000000000 511.000000000000 1000000000.000000000000
511.000000000000 7.000000000000 14.000000000000 0.077101520000
2.000000000000 2.000000000000 73.000000000000 0.120734840000
14.000000000000 1.000000000000 73.000000000000 0.192441760000
1022.000000000000 73.000000000000 511.000000000000 1000000000.000000000000
2.000000000000 73.000000000000 73.000000000000 0.177306800000
1.000000000000 511.000000000000 1022.000000000000 1000000000.000000000000
1022.000000000000 2.000000000000 7.000000000000 0.365032680000
511.000000000000 2.000000000000 146.000000000000 0.310369040000
511.000000000000 511.000000000000 2.000000000000 0.160407940000
146.000000000000 146.000000000000 511.000000000000 1000000000.000000000000
511.000000000000 146.000000000000 73.000000000000 0.274570700000
1022.000000000000 1022.000000000000 146.000000000000 1000000000.000000000000
73.000000000000 7.000000000000 511.000000000000 0.038250840000
73.000000000000 73.000000000000 14.000000000000 0.093795200000
73.000000000000 14.000000000000 1022.000000000000 1000000000.000000000000
2.000000000000 2.000000000000 7.000000000000 0.059291940000
73.000000000000 1022.000000000000 1022.000000000000 1000000000.000000000000
1.000000000000 146.000000000000 2.000000000000 0.077194240000
511.000000000000 1.000000000000 1.000000000000 0.468975260000
73.000000000000 2.000000000000 7.000000000000 0.095675020000
14.000000000000 1022.000000000000 1.000000000000 1000000000.000000000000
2.000000000000 7.000000000000 73.000000000000 0.046046660000
2.000000000000 1.000000000000 14.000000000000 0.120059400000
511.000000000000 7.000000000000 1.000000000000 0.196685020000
146.000000000000 511.000000000000 7.000000000000 0.143565880000
146.000000000000 146.000000000000 146.000000000000 1000000000.000000000000
2.000000000000 14.000000000000 1022.000000000000 1000000000.000000000000
1022.000000000000 1.000000000000 2.000000000000 1000000000.000000000000
1022.000000000000 1.000000000000 73.000000000000 1000000000.000000000000
2.000000000000 2.000000000000 146.000000000000 0.126826640000
146.000000000000 14.000000000000 146.000000000000 0.108572180000
1.000000000000 511.000000000000 14.000000000000 0.044252000000
73.000000000000 1.000000000000 1022.000000000000 0.251958340000
2.000000000000 1022.000000000000 1.000000000000 0.127427200000
511.000000000000 1.000000000000 14.000000000000 0.396326020000
1.000000000000 1022.000000000000 146.000000000000 1000000000.000000000000
146.000000000000 2.000000000000 7.000000000000 0.120176460000
14.000000000000 2.000000000000 1.000000000000 0.074545680000
73.000000000000 14.000000000000 146.000000000000 0.095556860000
146.000000000000 14.000000000000 1022.000000000000 1000000000.000000000000
511.000000000000 14.000000000000 7.000000000000 0.179372120000
146.000000000000 14.000000000000 73.000000000000 0.108236720000
146.000000000000 73.000000000000 146.000000000000 0.171702100000
1.000000000000 14.000000000000 1.000000000000 0.075161260000
1022.000000000000 511.000000000000 511.000000000000 1000000000.000000000000
1022.000000000000 2.000000000000 1022.000000000000 1000000000.000000000000
73.000000000000 7.000000000000 146.000000000000 0.036792980000
7.000000000000 511.000000000000 7.000000000000 0.112080300000
2.000000000000 146.000000000000 73.000000000000 0.217137600000
2.000000000000 7.000000000000 7.000000000000 0.023546760000
1.000000000000 7.000000000000 14.000000000000 0.032910160000
1.000000000000 14.000000000000 7.000000000000 0.030369580000
1.000000000000 7.000000000000 7.000000000000 0.032332960000
7.000000000000 7.000000000000 2.000000000000 0.019133560000
1.000000000000 511.000000000000 7.000000000000 0.056153980000
1.000000000000 14.000000000000 73.000000000000 0.024520000000
1.000000000000 14.000000000000 14.000000000000 0.023962120000
7.000000000000 7.000000000000 14.000000000000 0.026735200000
2.000000000000 7.000000000000 14.000000000000 0.025176040000
7.000000000000 7.000000000000 7.000000000000 0.026288100000
2.000000000000 14.000000000000 7.000000000000 0.026583900000
14.000000000000 7.000000000000 7.000000000000 0.025166900000
1.000000000000 73.000000000000 14.000000000000 0.026592400000
7.000000000000 7.000000000000 73.000000000000 0.032406940000
1.000000000000 7.000000000000 73.000000000000 0.037017380000
1.000000000000 146.000000000000 7.000000000000 0.038363920000
1.000000000000 7.000000000000 2.000000000000 0.035083040000
14.000000000000 7.000000000000 2.000000000000 0.021620900000
1.000000000000 7.000000000000 511.000000000000 0.038658000000
1.000000000000 73.000000000000 7.000000000000 0.032379420000
1.000000000000 7.000000000000 146.000000000000 0.039154580000
14.000000000000 7.000000000000 14.000000000000 0.025770660000
2.000000000000 7.000000000000 2.000000000000 0.024024580000
1.000000000000 14.000000000000 2.000000000000 0.072811360000
1.000000000000 14.000000000000 146.000000000000 0.023804580000
14.000000000000 7.000000000000 73.000000000000 0.032166940000
2.000000000000 7.000000000000 511.000000000000 0.043433960000
2.000000000000 511.000000000000 7.000000000000 0.058865820000
1.000000000000 2.000000000000 14.000000000000 0.089943160000
2.000000000000 7.000000000000 146.000000000000 0.047220320000
1.000000000000 73.000000000000 73.000000000000 0.022190320000
1.000000000000 14.000000000000 511.000000000000 0.024943080000
2.000000000000 14.000000000000 14.000000000000 0.020048600000
73.000000000000 7.000000000000 7.000000000000 0.036752160000
73.000000000000 7.000000000000 14.000000000000 0.036228880000
73.000000000000 7.000000000000 2.000000000000 0.054014740000
7.000000000000 14.000000000000 2.000000000000 0.069187820000
2.000000000000 73.000000000000 7.000000000000 0.034799380000
7.000000000000 14.000000000000 7.000000000000 0.079459020000
1.000000000000 511.000000000000 2.000000000000 0.096005840000
7.000000000000 7.000000000000 511.000000000000 0.032658560000
2.000000000000 146.000000000000 7.000000000000 0.040612920000
14.000000000000 7.000000000000 511.000000000000 0.031430560000
14.000000000000 14.000000000000 7.000000000000 0.080743640000
1.000000000000 2.000000000000 7.000000000000 0.090578220000
14.000000000000 7.000000000000 146.000000000000 0.033137320000
73.000000000000 7.000000000000 73.000000000000 0.038315120000
1.000000000000 1022.000000000000 7.000000000000 0.059048920000
14.000000000000 14.000000000000 2.000000000000 0.078326500000
2.000000000000 73.000000000000 14.000000000000 0.028149600000
1.000000000000 73.000000000000 2.000000000000 0.069158560000
146.000000000000 7.000000000000 73.000000000000 0.051452860000
2.000000000000 2.000000000000 14.000000000000 0.057280380000
7.000000000000 2.000000000000 2.000000000000 0.063405460000
2.000000000000 146.000000000000 14.000000000000 0.032507400000
7.000000000000 14.000000000000 73.000000000000 0.089033980000
7.000000000000 14.000000000000 14.000000000000 0.078840240000
2.000000000000 14.000000000000 73.000000000000 0.124315880000
14.000000000000 2.000000000000 7.000000000000 0.063542900000
7.000000000000 7.000000000000 1.000000000000 0.020658580000
14.000000000000 7.000000000000 1.000000000000 0.025892880000
1.000000000000 73.000000000000 146.000000000000 0.021201280000
7.000000000000 2.000000000000 7.000000000000 0.058077720000
2.000000000000 7.000000000000 1.000000000000 0.024383280000
146.000000000000 7.000000000000 14.000000000000 0.046755560000
146.000000000000 7.000000000000 2.000000000000 0.065483740000
1.000000000000 73.000000000000 511.000000000000 0.021572940000
146.000000000000 7.000000000000 7.000000000000 0.047238060000
146.000000000000 7.000000000000 146.000000000000 0.053223000000
7.000000000000 73.000000000000 7.000000000000 0.079649620000
2.000000000000 511.000000000000 14.000000000000 0.046884200000
146.000000000000 7.000000000000 511.000000000000 0.051655780000
7.000000000000 2.000000000000 1.000000000000 0.057465100000
2.000000000000 2.000000000000 2.000000000000 0.056361160000
2.000000000000 73.000000000000 2.000000000000 0.070686400000
2.000000000000 14.000000000000 146.000000000000 0.140363360000
14.000000000000 2.000000000000 14.000000000000 0.088643820000
7.000000000000 14.000000000000 1.000000000000 0.135885400000
7.000000000000 73.000000000000 2.000000000000 0.078536500000
1.000000000000 7.000000000000 1.000000000000 0.033731180000
7.000000000000 2.000000000000 14.000000000000 0.085345740000
2.000000000000 1022.000000000000 2.000000000000 0.129979680000
511.000000000000 7.000000000000 2.000000000000 0.138222000000
14.000000000000 73.000000000000 2.000000000000 0.095226840000
2.000000000000 14.000000000000 511.000000000000 0.179579600000
14.000000000000 14.000000000000 1.000000000000 0.129294380000
14.000000000000 14.000000000000 146.000000000000 0.083976420000
73.000000000000 7.000000000000 1.000000000000 0.075756040000
7.000000000000 73.000000000000 14.000000000000 0.088308600000
14.000000000000 14.000000000000 14.000000000000 0.084341420000
7.000000000000 14.000000000000 511.000000000000 0.120152100000
2.000000000000 146.000000000000 2.000000000000 0.078430580000
7.000000000000 146.000000000000 14.000000000000 0.103539220000
7.000000000000 73.000000000000 146.000000000000 0.158835880000
511.000000000000 2.000000000000 1022.000000000000 0.310511680000
1.000000000000 146.000000000000 1.000000000000 0.079220320000
1022.000000000000 1022.000000000000 2.000000000000 0.318851060000
511.000000000000 511.000000000000 14.000000000000 0.240200840000
1.000000000000 511.000000000000 511.000000000000 1000000000.000000000000
73.000000000000 1022.000000000000 73.000000000000 1000000000.000000000000
73.000000000000 14.000000000000 7.000000000000 0.086283600000
7.000000000000 146.000000000000 1022.000000000000 1000000000.000000000000
14.000000000000 1.000000000000 7.000000000000 0.116505600000
511.000000000000 7.000000000000 146.000000000000 0.094839860000
146.000000000000 2.000000000000 511.000000000000 0.171424800000
73.000000000000 1.000000000000 14.000000000000 0.197831460000
2.000000000000 1.000000000000 73.000000000000 0.233646220000
1022.000000000000 73.000000000000 14.000000000000 0.321588560000
7.000000000000 73.000000000000 73.000000000000 0.114664000000
7.000000000000 14.000000000000 1022.000000000000 1000000000.000000000000
73.000000000000 14.000000000000 2.000000000000 0.059292780000
14.000000000000 1.000000000000 1022.000000000000 0.205544080000
1022.000000000000 2.000000000000 511.000000000000 0.586541560000
2.000000000000 73.000000000000 1022.000000000000 1000000000.000000000000
146.000000000000 1022.000000000000 1.000000000000 0.121169520000
1022.000000000000 7.000000000000 14.000000000000 0.118596540000
1022.000000000000 146.000000000000 1.000000000000 0.305143980000
1.000000000000 2.000000000000 511.000000000000 0.090096860000
2.000000000000 511.000000000000 73.000000000000 1000000000.000000000000
1.000000000000 146.000000000000 146.000000000000 0.025010940000
2.000000000000 2.000000000000 1.000000000000 0.057042880000
14.000000000000 511.000000000000 2.000000000000 0.161629040000
2.000000000000 14.000000000000 1.000000000000 0.068425380000
1.000000000000 7.000000000000 1022.000000000000 0.046657980000
1.000000000000 511.000000000000 73.000000000000 0.035147160000
511.000000000000 7.000000000000 7.000000000000 0.079507260000
1.000000000000 73.000000000000 1.000000000000 0.068878600000
7.000000000000 1.000000000000 1.000000000000 0.095447380000
14.000000000000 146.000000000000 2.000000000000 0.120150940000
146.000000000000 7.000000000000 1.000000000000 0.102849640000
7.000000000000 146.000000000000 2.000000000000 0.097387000000
1.000000000000 2.000000000000 73.000000000000 0.090419020000
14.000000000000 1.000000000000 1.000000000000 0.113979160000
1.000000000000 1022.000000000000 14.000000000000 0.045590100000
7.000000000000 511.000000000000 2.000000000000 0.132565660000
2.000000000000 73.000000000000 1.000000000000 0.071816100000
2.000000000000 1022.000000000000 14.000000000000 0.062271300000
1.000000000000 14.000000000000 1022.000000000000 1000000000.000000000000
7.000000000000 2.000000000000 511.000000000000 0.098112860000
73.000000000000 2.000000000000 1.000000000000 0.116304100000
73.000000000000 14.000000000000 73.000000000000 0.089110760000
2.000000000000 2.000000000000 511.000000000000 0.110058740000
146.000000000000 14.000000000000 14.000000000000 0.108770840000
1.000000000000 2.000000000000 1.000000000000 0.090012040000
14.000000000000 73.000000000000 14.000000000000 0.085687700000
73.000000000000 14.000000000000 14.000000000000 0.084611600000
14.000000000000 73.000000000000 1.000000000000 0.160554040000
511.000000000000 7.000000000000 73.000000000000 0.090179460000
14.000000000000 511.000000000000 1.000000000000 0.263995420000
146.000000000000 1.000000000000 1022.000000000000 0.336114000000
2.000000000000 2.000000000000 1022.000000000000 0.116253020000
511.000000000000 1022.000000000000 7.000000000000 0.261320000000
146.000000000000 1.000000000000 14.000000000000 0.253655780000
2.000000000000 1022.000000000000 511.000000000000 1000000000.000000000000
73.000000000000 146.000000000000 1022.000000000000 1000000000.000000000000
7.000000000000 511.000000000000 146.000000000000 1000000000.000000000000
2.000000000000 1022.000000000000 146.000000000000 1000000000.000000000000
511.000000000000 511.000000000000 511.000000000000 1000000000.000000000000
146.000000000000 73.000000000000 511.000000000000 1000000000.000000000000
146.000000000000 146.000000000000 7.000000000000 0.114743800000
146.000000000000 146.000000000000 1.000000000000 0.083890360000
146.000000000000 1.000000000000 2.000000000000 0.234766200000
1022.000000000000 73.000000000000 73.000000000000 0.362368540000
1022.000000000000 14.000000000000 14.000000000000 0.305458140000
1022.000000000000 146.000000000000 73.000000000000 0.430152420000
1.000000000000 1.000000000000 7.000000000000 0.180477640000
73.000000000000 73.000000000000 1022.000000000000 1000000000.000000000000
73.000000000000 73.000000000000 2.000000000000 0.056072500000
1022.000000000000 7.000000000000 73.000000000000 0.156951860000
14.000000000000 1022.000000000000 7.000000000000 0.135550540000
1.000000000000 1.000000000000 146.000000000000 0.180558620000
14.000000000000 511.000000000000 511.000000000000 1000000000.000000000000
1022.000000000000 1.000000000000 146.000000000000 1000000000.000000000000
1.000000000000 1022.000000000000 511.000000000000 1000000000.000000000000
7.000000000000 1022.000000000000 2.000000000000 0.148976340000
14.000000000000 1.000000000000 511.000000000000 0.200427480000
511.000000000000 146.000000000000 1022.000000000000 1000000000.000000000000
73.000000000000 1.000000000000 73.000000000000 0.238945340000
14.000000000000 146.000000000000 1022.000000000000 1000000000.000000000000
1022.000000000000 14.000000000000 1022.000000000000 1000000000.000000000000
14.000000000000 511.000000000000 7.000000000000 0.112989080000
73.000000000000 73.000000000000 511.000000000000 1000000000.000000000000
14.000000000000 1022.000000000000 14.000000000000 1000000000.000000000000
146.000000000000 1.000000000000 7.000000000000 0.231659880000
1022.000000000000 1022.000000000000 73.000000000000 1000000000.000000000000
146.000000000000 1022.000000000000 73.000000000000 1000000000.000000000000
511.000000000000 1022.000000000000 1022.000000000000 1000000000.000000000000
14.000000000000 73.000000000000 7.000000000000 0.076735480000
73.000000000000 1022.000000000000 511.000000000000 1000000000.000000000000
7.000000000000 511.000000000000 1.000000000000 0.234643380000
14.000000000000 146.000000000000 73.000000000000 0.142147680000
7.000000000000 7.000000000000 1022.000000000000 0.035210100000
2.000000000000 7.000000000000 1022.000000000000 0.054234720000
14.000000000000 146.000000000000 7.000000000000 0.083991500000
73.000000000000 73.000000000000 7.000000000000 0.086877380000
14.000000000000 7.000000000000 1022.000000000000 0.032539840000
73.000000000000 2.000000000000 2.000000000000 0.102091100000
14.000000000000 146.000000000000 14.000000000000 0.090936140000
146.000000000000 73.000000000000 7.000000000000 0.108143860000
7.000000000000 2.000000000000 146.000000000000 0.102713420000
14.000000000000 2.000000000000 73.000000000000 0.098732120000
7.000000000000 14.000000000000 146.000000000000 0.090929560000
73.000000000000 2.000000000000 14.000000000000 0.108687740000
2.000000000000 146.000000000000 1.000000000000 0.078283740000
146.000000000000 14.000000000000 7.000000000000 0.109597800000
14.000000000000 2.000000000000 511.000000000000 0.102969660000
14.000000000000 14.000000000000 73.000000000000 0.081057040000
7.000000000000 2.000000000000 73.000000000000 0.097633540000
73.000000000000 146.000000000000 2.000000000000 0.060655900000
73.000000000000 146.000000000000 7.000000000000 0.092452240000
14.000000000000 2.000000000000 146.000000000000 0.100766940000
146.000000000000 73.000000000000 14.000000000000 0.109065080000
146.000000000000 73.000000000000 2.000000000000 0.066118880000
73.000000000000 146.000000000000 14.000000000000 0.094151620000
511.000000000000 7.000000000000 511.000000000000 0.087957820000
2.000000000000 511.000000000000 2.000000000000 0.110826760000
1.000000000000 146.000000000000 511.000000000000 1000000000.000000000000
511.000000000000 73.000000000000 2.000000000000 0.119035380000
73.000000000000 2.000000000000 73.000000000000 0.122170600000
1.000000000000 2.000000000000 146.000000000000 0.090117520000
146.000000000000 14.000000000000 511.000000000000 0.137994620000
1022.000000000000 1022.000000000000 511.000000000000 1000000000.000000000000
1022.000000000000 146.000000000000 511.000000000000 1000000000.000000000000
1022.000000000000 73.000000000000 1.000000000000 0.285317800000
1022.000000000000 511.000000000000 1.000000000000 0.360919020000
511.000000000000 1022.000000000000 14.000000000000 1000000000.000000000000
511.000000000000 511.000000000000 1.000000000000 0.167893100000
1022.000000000000 14.000000000000 1.000000000000 0.268885660000
73.000000000000 511.000000000000 7.000000000000 0.109801520000
146.000000000000 2.000000000000 14.000000000000 0.162967460000
2.000000000000 1022.000000000000 1022.000000000000 1000000000.000000000000
7.000000000000 511.000000000000 511.000000000000 1000000000.000000000000
1022.000000000000 14.000000000000 73.000000000000 0.331538560000
146.000000000000 146.000000000000 73.000000000000 0.185540520000
14.000000000000 1022.000000000000 146.000000000000 1000000000.000000000000
14.000000000000 1022.000000000000 1022.000000000000 1000000000.000000000000
14.000000000000 73.000000000000 146.000000000000 0.135450380000
1022.000000000000 1.000000000000 14.000000000000 1000000000.000000000000
1.000000000000 1.000000000000 73.000000000000 0.179719460000
511.000000000000 14.000000000000 2.000000000000 0.120807520000
511.000000000000 1022.000000000000 146.000000000000 1000000000.000000000000
1022.000000000000 1.000000000000 1022.000000000000 1000000000.000000000000
1022.000000000000 2.000000000000 73.000000000000 0.478920080000
7.000000000000 2.000000000000 1022.000000000000 0.103469500000
146.000000000000 1.000000000000 511.000000000000 0.335360540000
73.000000000000 1022.000000000000 2.000000000000 0.122624740000
2.000000000000 1022.000000000000 73.000000000000 1000000000.000000000000
146.000000000000 1022.000000000000 14.000000000000 1000000000.000000000000
1022.000000000000 511.000000000000 1022.000000000000 1000000000.000000000000
7.000000000000 1.000000000000 146.000000000000 0.200091500000
73.000000000000 73.000000000000 146.000000000000 0.144898140000
73.000000000000 7.000000000000 1022.000000000000 0.041235420000
1.000000000000 511.000000000000 1.000000000000 0.093714280000
146.000000000000 7.000000000000 1022.000000000000 0.056049840000
1.000000000000 1022.000000000000 2.000000000000 0.114142120000
7.000000000000 73.000000000000 1.000000000000 0.136025100000
146.000000000000 146.000000000000 2.000000000000 0.067775980000
14.000000000000 2.000000000000 1022.000000000000 0.104311140000
1.000000000000 1022.000000000000 1.000000000000 0.108486900000
2.000000000000 511.000000000000 1.000000000000 0.109728320000
146.000000000000 2.000000000000 146.000000000000 0.175160220000
14.000000000000 14.000000000000 511.000000000000 0.112808140000
73.000000000000 2.000000000000 146.000000000000 0.125924620000
73.000000000000 73.000000000000 73.000000000000 0.106862120000
146.000000000000 14.000000000000 2.000000000000 0.066787060000
2.000000000000 1.000000000000 1.000000000000 0.112526480000
73.000000000000 2.000000000000 511.000000000000 0.124402260000
73.000000000000 511.000000000000 2.000000000000 0.084501300000
511.000000000000 7.000000000000 1022.000000000000 0.095742020000
146.000000000000 73.000000000000 73.000000000000 0.141943460000
73.000000000000 14.000000000000 1.000000000000 0.048517100000
146.000000000000 146.000000000000 14.000000000000 0.120954920000
73.000000000000 2.000000000000 1022.000000000000 0.129181160000
146.000000000000 1022.000000000000 511.000000000000 1000000000.000000000000
14.000000000000 511.000000000000 146.000000000000 1000000000.000000000000
1022.000000000000 1.000000000000 511.000000000000 1000000000.000000000000
2.000000000000 1.000000000000 1022.000000000000 0.222660960000
7.000000000000 511.000000000000 14.000000000000 0.136049240000
2.000000000000 511.000000000000 146.000000000000 1000000000.000000000000
1022.000000000000 73.000000000000 146.000000000000 0.424720160000
511.000000000000 73.000000000000 1.000000000000 0.108787820000
1022.000000000000 7.000000000000 7.000000000000 0.142155540000
146.000000000000 1022.000000000000 2.000000000000 0.132686640000
7.000000000000 511.000000000000 73.000000000000 1000000000.000000000000
2.000000000000 146.000000000000 511.000000000000 1000000000.000000000000
511.000000000000 1022.000000000000 511.000000000000 1000000000.000000000000
146.000000000000 1.000000000000 146.000000000000 0.336440560000
1.000000000000 1.000000000000 2.000000000000 0.180201000000
511.000000000000 73.000000000000 7.000000000000 0.173351820000
7.000000000000 1.000000000000 511.000000000000 0.191899840000
14.000000000000 146.000000000000 146.000000000000 1000000000.000000000000
73.000000000000 1022.000000000000 146.000000000000 1000000000.000000000000
73.000000000000 511.000000000000 1.000000000000 0.078304460000
1022.000000000000 1022.000000000000 1.000000000000 0.277500160000
511.000000000000 511.000000000000 7.000000000000 0.223335720000
511.000000000000 1022.000000000000 1.000000000000 0.175619100000
7.000000000000 1.000000000000 2.000000000000 0.110569820000
1022.000000000000 146.000000000000 2.000000000000 0.247391660000
1022.000000000000 7.000000000000 1022.000000000000 1000000000.000000000000
1.000000000000 511.000000000000 146.000000000000 0.035198500000
1022.000000000000 146.000000000000 146.000000000000 1000000000.000000000000
7.000000000000 1022.000000000000 7.000000000000 0.139900040000
7.000000000000 511.000000000000 1022.000000000000 1000000000.000000000000
7.000000000000 1.000000000000 73.000000000000 0.191875400000
2.000000000000 1.000000000000 7.000000000000 0.117759620000
7.000000000000 1022.000000000000 73.000000000000 1000000000.000000000000
1022.000000000000 73.000000000000 7.000000000000 0.329440300000
7.000000000000 73.000000000000 1022.000000000000 1000000000.000000000000
1.000000000000 1.000000000000 14.000000000000 0.179878860000
73.000000000000 146.000000000000 511.000000000000 1000000000.000000000000
73.000000000000 73.000000000000 1.000000000000 0.045060080000
73.000000000000 146.000000000000 1.000000000000 0.055323860000
146.000000000000 14.000000000000 1.000000000000 0.076719120000
146.000000000000 73.000000000000 1.000000000000 0.072208800000
146.000000000000 511.000000000000 1.000000000000 0.119722200000
14.000000000000 1.000000000000 2.000000000000 0.126379120000
1.000000000000 1022.000000000000 73.000000000000 0.039126560000
7.000000000000 146.000000000000 1.000000000000 0.166401080000
146.000000000000 511.000000000000 2.000000000000 0.103527000000
14.000000000000 146.000000000000 1.000000000000 0.213433420000
146.000000000000 2.000000000000 1.000000000000 0.150540460000
7.000000000000 1.000000000000 14.000000000000 0.122773980000
73.000000000000 1.000000000000 1.000000000000 0.203302860000
7.000000000000 1.000000000000 7.000000000000 0.111639540000
1.000000000000 2.000000000000 1022.000000000000 0.090177700000
511.000000000000 146.000000000000 2.000000000000 0.131762580000
14.000000000000 511.000000000000 14.000000000000 0.124642040000
14.000000000000 1022.000000000000 2.000000000000 1000000000.000000000000
2.000000000000 1.000000000000 2.000000000000 0.113385240000
1022.000000000000 7.000000000000 2.000000000000 0.213994000000
73.000000000000 1022.000000000000 1.000000000000 0.076696380000
511.000000000000 2.000000000000 73.000000000000 0.278105580000
1022.000000000000 2.000000000000 146.000000000000 0.537482100000
1022.000000000000 2.000000000000 14.000000000000 0.347024280000
7.000000000000 146.000000000000 73.000000000000 0.152592200000
1022.000000000000 7.000000000000 146.000000000000 0.166173840000
1022.000000000000 2.000000000000 2.000000000000 0.375229980000
14.000000000000 1.000000000000 14.000000000000 0.130215780000
511.000000000000 146.000000000000 14.000000000000 0.189561620000
511.000000000000 73.000000000000 1022.000000000000 1000000000.000000000000
1022.000000000000 7.000000000000 1.000000000000 0.357511200000
511.000000000000 1022.000000000000 2.000000000000 0.232743500000
1022.000000000000 14.000000000000 7.000000000000 0.323056240000
511.000000000000 511.000000000000 73.000000000000 1000000000.000000000000
1022.000000000000 511.000000000000 14.000000000000 0.412326120000
73.000000000000 1.000000000000 7.000000000000 0.179731960000
73.000000000000 146.000000000000 73.000000000000 0.145009900000
511.000000000000 73.000000000000 146.000000000000 0.249686160000
511.000000000000 146.000000000000 511.000000000000 1000000000.000000000000
511.000000000000 146.000000000000 146.000000000000 1000000000.000000000000
511.000000000000 2.000000000000 2.000000000000 0.234688940000
511.000000000000 1.000000000000 146.000000000000 0.572010220000
146.000000000000 511.000000000000 14.000000000000 0.151270340000
73.000000000000 511.000000000000 1022.000000000000 1000000000.000000000000
511.000000000000 146.000000000000 1.000000000000 0.135660140000
14.000000000000 1.000000000000 146.000000000000 0.202022440000
7.000000000000 1022.000000000000 1.000000000000 0.261500800000
73.000000000000 511.000000000000 14.000000000000 0.132357800000
2.000000000000 1.000000000000 511.000000000000 0.213184680000
7.000000000000 1.000000000000 1022.000000000000 0.197802920000
1022.000000000000 7.000000000000 511.000000000000 0.182832520000
73.000000000000 511.000000000000 73.000000000000 1000000000.000000000000
511.000000000000 1.000000000000 7.000000000000 0.357440540000
146.000000000000 1022.000000000000 7.000000000000 0.174623040000
73.000000000000 1022.000000000000 7.000000000000 0.137638000000
511.000000000000 2.000000000000 1.000000000000 0.280817780000
1022.000000000000 14.000000000000 146.000000000000 0.322002100000
14.000000000000 14.000000000000 1022.000000000000 1000000000.000000000000
7.000000000000 1022.000000000000 146.000000000000 1000000000.000000000000
146.000000000000 73.000000000000 1022.000000000000 1000000000.000000000000
73.000000000000 1.000000000000 2.000000000000 0.181470400000
14.000000000000 511.000000000000 73.000000000000 1000000000.000000000000
146.000000000000 511.000000000000 73.000000000000 1000000000.000000000000
146.000000000000 1022.000000000000 1022.000000000000 1000000000.000000000000
511.000000000000 1.000000000000 511.000000000000 0.568454600000
7.000000000000 1022.000000000000 14.000000000000 1000000000.000000000000
511.000000000000 14.000000000000 14.000000000000 0.177611220000
1022.000000000000 2.000000000000 1.000000000000 0.586248940000
511.000000000000 1.000000000000 1022.000000000000 0.573728920000
146.000000000000 2.000000000000 73.000000000000 0.161552660000
511.000000000000 14.000000000000 1022.000000000000 1000000000.000000000000
7.000000000000 1022.000000000000 511.000000000000 1000000000.000000000000
2.000000000000 146.000000000000 146.000000000000 1000000000.000000000000
511.000000000000 14.000000000000 73.000000000000 0.180927720000
1022.000000000000 146.000000000000 14.000000000000 0.317343040000
7.000000000000 73.000000000000 511.000000000000 1000000000.000000000000
2.000000000000 73.000000000000 511.000000000000 1000000000.000000000000
1022.000000000000 1022.000000000000 14.000000000000 1000000000.000000000000
7.000000000000 146.000000000000 146.000000000000 1000000000.000000000000
511.000000000000 511.000000000000 146.000000000000 1000000000.000000000000
511.000000000000 73.000000000000 14.000000000000 0.175046160000
2.000000000000 146.000000000000 1022.000000000000 1000000000.000000000000
146.000000000000 1.000000000000 73.000000000000 0.321954200000
14.000000000000 146.000000000000 511.000000000000 1000000000.000000000000
146.000000000000 1.000000000000 1.000000000000 0.269847040000
146.000000000000 511.000000000000 511.000000000000 1000000000.000000000000
73.000000000000 511.000000000000 511.000000000000 1000000000.000000000000
2.000000000000 511.000000000000 1022.000000000000 1000000000.000000000000
1022.000000000000 14.000000000000 2.000000000000 0.231858260000
1022.000000000000 1022.000000000000 1022.000000000000 1000000000.000000000000
146.000000000000 2.000000000000 1022.000000000000 0.173901700000
14.000000000000 1022.000000000000 73.000000000000 1000000000.000000000000
511.000000000000 73.000000000000 511.000000000000 1000000000.000000000000
511.000000000000 2.000000000000 511.000000000000 0.305684580000
1022.000000000000 511.000000000000 73.000000000000 1000000000.000000000000
511.000000000000 1022.000000000000 73.000000000000 1000000000.000000000000
73.000000000000 1022.000000000000 14.000000000000 1000000000.000000000000
7.000000000000 1022.000000000000 1022.000000000000 1000000000.000000000000
511.000000000000 14.000000000000 511.000000000000 0.212079380000
1.000000000000 73.000000000000 1022.000000000000 1000000000.000000000000
1022.000000000000 14.000000000000 511.000000000000 0.369294700000
1022.000000000000 1.000000000000 7.000000000000 1000000000.000000000000
511.000000000000 1.000000000000 2.000000000000 0.398033660000
511.000000000000 14.000000000000 1.000000000000 0.115669140000
511.000000000000 511.000000000000 1022.000000000000 1000000000.000000000000
146.000000000000 511.000000000000 1022.000000000000 1000000000.000000000000
1.000000000000 1.000000000000 511.000000000000 0.180105940000
511.000000000000 73.000000000000 73.000000000000 0.211770100000
14.000000000000 73.000000000000 511.000000000000 1000000000.000000000000
1022.000000000000 146.000000000000 1022.000000000000 1000000000.000000000000
511.000000000000 14.000000000000 146.000000000000 0.169311560000
1.000000000000 1.000000000000 1022.000000000000 0.179618580000
1022.000000000000 1.000000000000 1.000000000000 1000000000.000000000000
2.000000000000 1.000000000000 146.000000000000 0.246688240000
14.000000000000 73.000000000000 1022.000000000000 1000000000.000000000000
511.000000000000 2.000000000000 7.000000000000 0.207829360000
1022.000000000000 511.000000000000 146.000000000000 1000000000.000000000000
511.000000000000 1.000000000000 73.000000000000 0.528505080000
1022.000000000000 511.000000000000 7.000000000000 0.402307040000
1022.000000000000 73.000000000000 1022.000000000000 1000000000.000000000000
146.000000000000 511.000000000000 146.000000000000 1000000000.000000000000
73.000000000000 511.000000000000 146.000000000000 1000000000.000000000000
146.000000000000 146.000000000000 1022.000000000000 1000000000.000000000000
511.000000000000 2.000000000000 14.000000000000 0.261597120000
14.000000000000 1022.000000000000 511.000000000000 1000000000.000000000000
1022.000000000000 73.000000000000 2.000000000000 0.203301440000
1.000000000000 1022.000000000000 1022.000000000000 1000000000.000000000000
73.000000000000 146.000000000000 146.000000000000 1000000000.000000000000
1.000000000000 146.000000000000 1022.000000000000 1000000000.000000000000
