64.000000000000 8.000000000000 32.000000000000 0.027603640000
2.000000000000 8.000000000000 512.000000000000 0.040146480000
4.000000000000 8.000000000000 16.000000000000 0.021501640000
4.000000000000 1.000000000000 8.000000000000 0.107014820000
128.000000000000 64.000000000000 1024.000000000000 1000000000.000000000000
1024.000000000000 512.000000000000 8.000000000000 0.104230180000
256.000000000000 512.000000000000 64.000000000000 0.039937280000
1024.000000000000 128.000000000000 8.000000000000 0.062056180000
512.000000000000 16.000000000000 512.000000000000 0.045871700000
64.000000000000 1.000000000000 1.000000000000 0.414343360000
32.000000000000 128.000000000000 512.000000000000 0.028681380000
1024.000000000000 64.000000000000 8.000000000000 0.065995840000
256.000000000000 32.000000000000 16.000000000000 0.017929660000
2.000000000000 16.000000000000 64.000000000000 0.025663800000
2.000000000000 128.000000000000 512.000000000000 0.058310040000
2.000000000000 128.000000000000 2.000000000000 0.021863520000
32.000000000000 8.000000000000 4.000000000000 0.024580180000
64.000000000000 1.000000000000 8.000000000000 0.180745560000
64.000000000000 512.000000000000 128.000000000000 0.038233320000
256.000000000000 128.000000000000 128.000000000000 0.023855400000
512.000000000000 8.000000000000 32.000000000000 0.079104720000
512.000000000000 32.000000000000 256.000000000000 0.028779140000
1024.000000000000 4.000000000000 128.000000000000 0.315824300000
128.000000000000 32.000000000000 16.000000000000 0.018751720000
32.000000000000 32.000000000000 4.000000000000 0.013801880000
64.000000000000 1.000000000000 2.000000000000 0.249445400000
2.000000000000 8.000000000000 128.000000000000 0.041076960000
256.000000000000 2.000000000000 32.000000000000 0.146025420000
128.000000000000 64.000000000000 4.000000000000 0.021628640000
4.000000000000 1024.000000000000 128.000000000000 1000000000.000000000000
2.000000000000 1.000000000000 8.000000000000 0.123307320000
4.000000000000 1.000000000000 16.000000000000 0.109579080000
32.000000000000 128.000000000000 256.000000000000 0.023926300000
32.000000000000 32.000000000000 1024.000000000000 1000000000.000000000000
1024.000000000000 8.000000000000 512.000000000000 0.165454700000
512.000000000000 16.000000000000 1024.000000000000 1000000000.000000000000
128.000000000000 128.000000000000 4.000000000000 0.019984060000
32.000000000000 256.000000000000 16.000000000000 0.023112380000
2.000000000000 8.000000000000 2.000000000000 0.016505580000
2.000000000000 32.000000000000 64.000000000000 0.020821420000
32.000000000000 2.000000000000 256.000000000000 0.107533140000
16.000000000000 2.000000000000 256.000000000000 0.096977980000
64.000000000000 64.000000000000 1.000000000000 0.024155300000
256.000000000000 256.000000000000 64.000000000000 0.029671880000
128.000000000000 8.000000000000 32.000000000000 0.038293920000
512.000000000000 256.000000000000 128.000000000000 0.054111620000
1.000000000000 128.000000000000 8.000000000000 0.018955820000
4.000000000000 2.000000000000 1.000000000000 0.060950740000
256.000000000000 512.000000000000 256.000000000000 1000000000.000000000000
4.000000000000 1024.000000000000 32.000000000000 0.048710280000
32.000000000000 512.000000000000 512.000000000000 1000000000.000000000000
256.000000000000 16.000000000000 32.000000000000 0.025580920000
256.000000000000 1024.000000000000 128.000000000000 1000000000.000000000000
128.000000000000 4.000000000000 256.000000000000 0.076252680000
8.000000000000 1.000000000000 1024.000000000000 1000000000.000000000000
256.000000000000 512.000000000000 1.000000000000 0.064395260000
8.000000000000 2.000000000000 128.000000000000 0.108099700000
2.000000000000 64.000000000000 4.000000000000 0.013882100000
8.000000000000 16.000000000000 1024.000000000000 1000000000.000000000000
2.000000000000 512.000000000000 32.000000000000 0.053684720000
4.000000000000 8.000000000000 128.000000000000 0.032577040000
512.000000000000 2.000000000000 1024.000000000000 0.312258880000
512.000000000000 512.000000000000 32.000000000000 0.063804240000
64.000000000000 256.000000000000 128.000000000000 0.032192160000
1.000000000000 512.000000000000 4.000000000000 0.025745860000
8.000000000000 2.000000000000 16.000000000000 0.077172300000
4.000000000000 128.000000000000 512.000000000000 1000000000.000000000000
16.000000000000 2.000000000000 512.000000000000 0.100214780000
8.000000000000 2.000000000000 64.000000000000 0.102008800000
8.000000000000 1.000000000000 256.000000000000 0.210842320000
4.000000000000 32.000000000000 64.000000000000 0.015785000000
16.000000000000 32.000000000000 4.000000000000 0.009497380000
4.000000000000 32.000000000000 4.000000000000 0.010109800000
16.000000000000 64.000000000000 4.000000000000 0.011297680000
16.000000000000 128.000000000000 4.000000000000 0.014437520000
4.000000000000 64.000000000000 4.000000000000 0.017098940000
8.000000000000 32.000000000000 4.000000000000 0.016263000000
64.000000000000 32.000000000000 4.000000000000 0.015624360000
4.000000000000 64.000000000000 2.000000000000 0.016297540000
2.000000000000 32.000000000000 4.000000000000 0.011275300000
64.000000000000 64.000000000000 4.000000000000 0.015752760000
4.000000000000 128.000000000000 4.000000000000 0.020525620000
32.000000000000 64.000000000000 4.000000000000 0.014214740000
32.000000000000 128.000000000000 16.000000000000 0.013503040000
16.000000000000 64.000000000000 8.000000000000 0.011305200000
8.000000000000 128.000000000000 4.000000000000 0.019725000000
16.000000000000 64.000000000000 2.000000000000 0.018332280000
128.000000000000 32.000000000000 32.000000000000 0.018461340000
64.000000000000 64.000000000000 32.000000000000 0.011896100000
64.000000000000 32.000000000000 64.000000000000 0.013088280000
64.000000000000 64.000000000000 16.000000000000 0.011945620000
4.000000000000 64.000000000000 8.000000000000 0.016834120000
32.000000000000 64.000000000000 2.000000000000 0.016176060000
4.000000000000 32.000000000000 2.000000000000 0.010062500000
4.000000000000 128.000000000000 16.000000000000 0.017430040000
8.000000000000 64.000000000000 4.000000000000 0.018243320000
4.000000000000 32.000000000000 8.000000000000 0.011167640000
16.000000000000 128.000000000000 16.000000000000 0.012657700000
64.000000000000 64.000000000000 2.000000000000 0.020556720000
4.000000000000 32.000000000000 16.000000000000 0.012731880000
16.000000000000 32.000000000000 8.000000000000 0.010228200000
32.000000000000 128.000000000000 4.000000000000 0.014540240000
4.000000000000 64.000000000000 32.000000000000 0.016687520000
16.000000000000 256.000000000000 4.000000000000 0.019011220000
16.000000000000 32.000000000000 16.000000000000 0.011993620000
2.000000000000 64.000000000000 32.000000000000 0.017820660000
8.000000000000 64.000000000000 8.000000000000 0.012168920000
32.000000000000 128.000000000000 8.000000000000 0.013910600000
16.000000000000 64.000000000000 16.000000000000 0.011564020000
2.000000000000 64.000000000000 2.000000000000 0.013972200000
16.000000000000 32.000000000000 2.000000000000 0.019027980000
4.000000000000 64.000000000000 16.000000000000 0.015411340000
32.000000000000 128.000000000000 2.000000000000 0.018877300000
8.000000000000 64.000000000000 2.000000000000 0.017352580000
32.000000000000 32.000000000000 8.000000000000 0.012648600000
2.000000000000 128.000000000000 4.000000000000 0.020721660000
32.000000000000 32.000000000000 2.000000000000 0.016353260000
64.000000000000 32.000000000000 32.000000000000 0.013755820000
4.000000000000 128.000000000000 8.000000000000 0.020617840000
16.000000000000 128.000000000000 2.000000000000 0.018752920000
4.000000000000 128.000000000000 2.000000000000 0.020089120000
32.000000000000 32.000000000000 64.000000000000 0.014057160000
4.000000000000 16.000000000000 4.000000000000 0.009591600000
16.000000000000 256.000000000000 8.000000000000 0.019114460000
8.000000000000 128.000000000000 8.000000000000 0.014325720000
32.000000000000 64.000000000000 32.000000000000 0.012029860000
64.000000000000 64.000000000000 8.000000000000 0.012578480000
8.000000000000 32.000000000000 16.000000000000 0.012957620000
1.000000000000 128.000000000000 4.000000000000 0.019058860000
2.000000000000 128.000000000000 16.000000000000 0.022600520000
16.000000000000 128.000000000000 8.000000000000 0.012978600000
2.000000000000 64.000000000000 8.000000000000 0.014289640000
32.000000000000 64.000000000000 8.000000000000 0.012066860000
32.000000000000 32.000000000000 16.000000000000 0.013648120000
2.000000000000 16.000000000000 4.000000000000 0.011696560000
16.000000000000 64.000000000000 32.000000000000 0.012255960000
8.000000000000 32.000000000000 8.000000000000 0.010873300000
32.000000000000 64.000000000000 16.000000000000 0.012289560000
16.000000000000 32.000000000000 32.000000000000 0.012307040000
2.000000000000 32.000000000000 8.000000000000 0.011335560000
64.000000000000 32.000000000000 16.000000000000 0.014150840000
64.000000000000 128.000000000000 16.000000000000 0.012692280000
2.000000000000 16.000000000000 8.000000000000 0.012428740000
32.000000000000 32.000000000000 32.000000000000 0.013417840000
8.000000000000 64.000000000000 32.000000000000 0.013457900000
8.000000000000 64.000000000000 16.000000000000 0.012953980000
16.000000000000 32.000000000000 64.000000000000 0.013992280000
16.000000000000 64.000000000000 64.000000000000 0.015147020000
8.000000000000 32.000000000000 32.000000000000 0.013847480000
16.000000000000 128.000000000000 32.000000000000 0.016624460000
1.000000000000 32.000000000000 8.000000000000 0.019718860000
4.000000000000 16.000000000000 2.000000000000 0.010244820000
64.000000000000 32.000000000000 8.000000000000 0.013365880000
4.000000000000 32.000000000000 32.000000000000 0.014034520000
16.000000000000 16.000000000000 16.000000000000 0.013216740000
2.000000000000 32.000000000000 2.000000000000 0.010346240000
16.000000000000 16.000000000000 8.000000000000 0.011112780000
64.000000000000 64.000000000000 64.000000000000 0.014793100000
32.000000000000 128.000000000000 32.000000000000 0.015850380000
16.000000000000 16.000000000000 4.000000000000 0.012021480000
64.000000000000 128.000000000000 8.000000000000 0.014146020000
8.000000000000 16.000000000000 8.000000000000 0.011468140000
8.000000000000 32.000000000000 64.000000000000 0.015805500000
32.000000000000 16.000000000000 8.000000000000 0.015265540000
1.000000000000 64.000000000000 4.000000000000 0.021841380000
8.000000000000 16.000000000000 2.000000000000 0.012854680000
32.000000000000 64.000000000000 64.000000000000 0.015921020000
64.000000000000 128.000000000000 32.000000000000 0.016120180000
4.000000000000 16.000000000000 8.000000000000 0.010691260000
1.000000000000 32.000000000000 4.000000000000 0.021609520000
16.000000000000 16.000000000000 32.000000000000 0.015622760000
32.000000000000 16.000000000000 32.000000000000 0.017187260000
4.000000000000 32.000000000000 1.000000000000 0.012188540000
32.000000000000 16.000000000000 4.000000000000 0.017197000000
1.000000000000 64.000000000000 8.000000000000 0.019028620000
8.000000000000 16.000000000000 4.000000000000 0.011700820000
2.000000000000 16.000000000000 2.000000000000 0.012823340000
4.000000000000 16.000000000000 16.000000000000 0.015087680000
8.000000000000 128.000000000000 16.000000000000 0.014100900000
128.000000000000 64.000000000000 16.000000000000 0.015610480000
8.000000000000 64.000000000000 64.000000000000 0.017494380000
128.000000000000 64.000000000000 32.000000000000 0.016446060000
256.000000000000 128.000000000000 16.000000000000 0.016716540000
64.000000000000 128.000000000000 64.000000000000 0.020058260000
8.000000000000 32.000000000000 2.000000000000 0.015168820000
16.000000000000 16.000000000000 64.000000000000 0.016762140000
8.000000000000 128.000000000000 32.000000000000 0.018222180000
2.000000000000 32.000000000000 32.000000000000 0.018585300000
32.000000000000 16.000000000000 16.000000000000 0.015913440000
128.000000000000 64.000000000000 8.000000000000 0.017084280000
16.000000000000 128.000000000000 64.000000000000 0.019517540000
16.000000000000 8.000000000000 4.000000000000 0.017988940000
8.000000000000 16.000000000000 16.000000000000 0.014534740000
4.000000000000 16.000000000000 1.000000000000 0.010678560000
2.000000000000 32.000000000000 1.000000000000 0.011298300000
8.000000000000 16.000000000000 1.000000000000 0.014528480000
8.000000000000 16.000000000000 32.000000000000 0.016027560000
8.000000000000 8.000000000000 8.000000000000 0.017092800000
2.000000000000 16.000000000000 1.000000000000 0.012758820000
8.000000000000 32.000000000000 1.000000000000 0.017300100000
2.000000000000 64.000000000000 1.000000000000 0.013001200000
64.000000000000 16.000000000000 8.000000000000 0.017665340000
2.000000000000 16.000000000000 16.000000000000 0.012967080000
2.000000000000 32.000000000000 16.000000000000 0.011983340000
4.000000000000 64.000000000000 1.000000000000 0.018948940000
16.000000000000 16.000000000000 128.000000000000 0.017488660000
16.000000000000 8.000000000000 8.000000000000 0.016764760000
256.000000000000 64.000000000000 8.000000000000 0.017722020000
256.000000000000 64.000000000000 16.000000000000 0.015567560000
256.000000000000 64.000000000000 32.000000000000 0.017020480000
16.000000000000 16.000000000000 2.000000000000 0.020232660000
4.000000000000 16.000000000000 32.000000000000 0.017584640000
64.000000000000 16.000000000000 16.000000000000 0.018171280000
2.000000000000 64.000000000000 16.000000000000 0.014604900000
256.000000000000 128.000000000000 8.000000000000 0.019728280000
512.000000000000 64.000000000000 32.000000000000 0.027241400000
8.000000000000 64.000000000000 1.000000000000 0.018750580000
16.000000000000 32.000000000000 128.000000000000 0.016622360000
16.000000000000 8.000000000000 16.000000000000 0.020068120000
8.000000000000 16.000000000000 64.000000000000 0.016173240000
128.000000000000 32.000000000000 8.000000000000 0.018641900000
4.000000000000 8.000000000000 2.000000000000 0.013986600000
8.000000000000 8.000000000000 4.000000000000 0.018132880000
128.000000000000 128.000000000000 16.000000000000 0.016665880000
64.000000000000 128.000000000000 4.000000000000 0.015152520000
128.000000000000 128.000000000000 8.000000000000 0.018116160000
8.000000000000 256.000000000000 8.000000000000 0.021126940000
64.000000000000 256.000000000000 8.000000000000 0.018655600000
8.000000000000 16.000000000000 128.000000000000 0.017346240000
64.000000000000 16.000000000000 32.000000000000 0.017942060000
32.000000000000 16.000000000000 64.000000000000 0.017911480000
2.000000000000 8.000000000000 4.000000000000 0.015651020000
8.000000000000 8.000000000000 2.000000000000 0.015367920000
32.000000000000 16.000000000000 128.000000000000 0.017934040000
128.000000000000 32.000000000000 64.000000000000 0.016762600000
16.000000000000 16.000000000000 1.000000000000 0.022150680000
1.000000000000 64.000000000000 2.000000000000 0.019058120000
512.000000000000 64.000000000000 16.000000000000 0.030243720000
1.000000000000 16.000000000000 2.000000000000 0.020280120000
128.000000000000 16.000000000000 8.000000000000 0.022950140000
32.000000000000 256.000000000000 8.000000000000 0.018275620000
256.000000000000 32.000000000000 8.000000000000 0.018875760000
1.000000000000 16.000000000000 8.000000000000 0.019112880000
16.000000000000 256.000000000000 16.000000000000 0.020936720000
256.000000000000 64.000000000000 4.000000000000 0.021373020000
64.000000000000 16.000000000000 4.000000000000 0.021848560000
4.000000000000 8.000000000000 8.000000000000 0.015773960000
32.000000000000 32.000000000000 128.000000000000 0.016803180000
8.000000000000 8.000000000000 16.000000000000 0.020070980000
1.000000000000 32.000000000000 2.000000000000 0.020303400000
16.000000000000 8.000000000000 32.000000000000 0.023043300000
256.000000000000 32.000000000000 64.000000000000 0.019561120000
256.000000000000 16.000000000000 8.000000000000 0.025061340000
128.000000000000 2.000000000000 1024.000000000000 0.150032480000
32.000000000000 8.000000000000 128.000000000000 0.028615840000
512.000000000000 16.000000000000 8.000000000000 0.047623200000
64.000000000000 16.000000000000 64.000000000000 0.017048120000
512.000000000000 512.000000000000 8.000000000000 0.050023280000
64.000000000000 1.000000000000 32.000000000000 0.201594540000
1024.000000000000 16.000000000000 128.000000000000 0.081086720000
256.000000000000 8.000000000000 8.000000000000 0.035911420000
4.000000000000 16.000000000000 512.000000000000 0.025371080000
8.000000000000 1.000000000000 1.000000000000 0.090879620000
256.000000000000 16.000000000000 1024.000000000000 0.026157740000
2.000000000000 8.000000000000 8.000000000000 0.016294500000
4.000000000000 8.000000000000 4.000000000000 0.014514140000
2.000000000000 8.000000000000 1.000000000000 0.016908220000
4.000000000000 8.000000000000 1.000000000000 0.017732520000
8.000000000000 8.000000000000 1.000000000000 0.016808380000
8.000000000000 32.000000000000 128.000000000000 0.019217920000
16.000000000000 8.000000000000 2.000000000000 0.021783360000
64.000000000000 32.000000000000 128.000000000000 0.016289780000
32.000000000000 16.000000000000 2.000000000000 0.022323120000
2.000000000000 8.000000000000 16.000000000000 0.016459300000
2.000000000000 16.000000000000 32.000000000000 0.023891500000
64.000000000000 32.000000000000 2.000000000000 0.019951760000
4.000000000000 32.000000000000 128.000000000000 0.019531280000
2.000000000000 128.000000000000 1.000000000000 0.022402920000
256.000000000000 32.000000000000 32.000000000000 0.018574600000
32.000000000000 128.000000000000 64.000000000000 0.020281140000
32.000000000000 64.000000000000 128.000000000000 0.019302520000
64.000000000000 256.000000000000 4.000000000000 0.020872540000
128.000000000000 64.000000000000 64.000000000000 0.018472980000
128.000000000000 128.000000000000 32.000000000000 0.020935840000
16.000000000000 64.000000000000 128.000000000000 0.020193980000
2.000000000000 1024.000000000000 1.000000000000 0.030854440000
128.000000000000 1.000000000000 2.000000000000 0.324578960000
2.000000000000 1024.000000000000 2.000000000000 0.031112300000
32.000000000000 1024.000000000000 64.000000000000 1000000000.000000000000
256.000000000000 1.000000000000 16.000000000000 0.269028400000
256.000000000000 1024.000000000000 64.000000000000 1000000000.000000000000
2.000000000000 1.000000000000 32.000000000000 0.124192680000
2.000000000000 1.000000000000 2.000000000000 0.111994920000
32.000000000000 1.000000000000 512.000000000000 0.216980680000
32.000000000000 1.000000000000 256.000000000000 0.212458140000
128.000000000000 16.000000000000 2.000000000000 0.030971700000
32.000000000000 2.000000000000 64.000000000000 0.103130680000
1024.000000000000 16.000000000000 32.000000000000 0.091708640000
1.000000000000 256.000000000000 4.000000000000 0.023897060000
16.000000000000 512.000000000000 16.000000000000 0.028695700000
256.000000000000 32.000000000000 4.000000000000 0.022235040000
32.000000000000 4.000000000000 128.000000000000 0.055925380000
512.000000000000 32.000000000000 512.000000000000 0.040249020000
4.000000000000 256.000000000000 512.000000000000 1000000000.000000000000
64.000000000000 16.000000000000 1.000000000000 0.035398680000
32.000000000000 2.000000000000 128.000000000000 0.110379480000
2.000000000000 512.000000000000 512.000000000000 1000000000.000000000000
64.000000000000 64.000000000000 256.000000000000 0.020483380000
128.000000000000 1.000000000000 512.000000000000 0.295533800000
8.000000000000 2.000000000000 32.000000000000 0.090643300000
64.000000000000 1024.000000000000 512.000000000000 1000000000.000000000000
1.000000000000 64.000000000000 1024.000000000000 1000000000.000000000000
256.000000000000 4.000000000000 2.000000000000 0.094480840000
4.000000000000 2.000000000000 4.000000000000 0.051486560000
128.000000000000 512.000000000000 512.000000000000 1000000000.000000000000
32.000000000000 2.000000000000 32.000000000000 0.097631180000
32.000000000000 512.000000000000 1.000000000000 0.034887160000
256.000000000000 16.000000000000 64.000000000000 0.024925960000
16.000000000000 512.000000000000 64.000000000000 0.034495460000
32.000000000000 4.000000000000 32.000000000000 0.048282760000
1.000000000000 128.000000000000 512.000000000000 0.024623680000
64.000000000000 16.000000000000 512.000000000000 0.021311420000
2.000000000000 2.000000000000 16.000000000000 0.059879920000
64.000000000000 512.000000000000 2.000000000000 0.028251040000
64.000000000000 16.000000000000 128.000000000000 0.017852580000
4.000000000000 16.000000000000 64.000000000000 0.018891860000
2.000000000000 128.000000000000 8.000000000000 0.022313720000
1.000000000000 64.000000000000 16.000000000000 0.020795880000
16.000000000000 16.000000000000 256.000000000000 0.016907140000
16.000000000000 8.000000000000 1.000000000000 0.021695400000
32.000000000000 16.000000000000 256.000000000000 0.017310760000
4.000000000000 64.000000000000 64.000000000000 0.021674040000
64.000000000000 32.000000000000 256.000000000000 0.018654160000
2.000000000000 64.000000000000 64.000000000000 0.022453380000
32.000000000000 8.000000000000 8.000000000000 0.019858940000
16.000000000000 32.000000000000 256.000000000000 0.018365720000
16.000000000000 32.000000000000 1.000000000000 0.020001540000
1.000000000000 128.000000000000 16.000000000000 0.018949760000
128.000000000000 16.000000000000 128.000000000000 0.022985940000
8.000000000000 128.000000000000 2.000000000000 0.020489120000
1.000000000000 64.000000000000 1.000000000000 0.019165540000
64.000000000000 16.000000000000 256.000000000000 0.018010080000
16.000000000000 64.000000000000 256.000000000000 0.020965940000
128.000000000000 16.000000000000 64.000000000000 0.024155520000
128.000000000000 16.000000000000 32.000000000000 0.024731720000
64.000000000000 64.000000000000 128.000000000000 0.019553940000
1.000000000000 32.000000000000 16.000000000000 0.022128200000
64.000000000000 128.000000000000 2.000000000000 0.020803500000
16.000000000000 64.000000000000 1.000000000000 0.019398260000
1.000000000000 128.000000000000 2.000000000000 0.021601260000
32.000000000000 32.000000000000 256.000000000000 0.019602620000
32.000000000000 8.000000000000 16.000000000000 0.023723120000
16.000000000000 8.000000000000 64.000000000000 0.025474380000
128.000000000000 32.000000000000 4.000000000000 0.022638240000
2.000000000000 32.000000000000 128.000000000000 0.028639740000
4.000000000000 16.000000000000 128.000000000000 0.020642060000
1.000000000000 16.000000000000 16.000000000000 0.022887080000
256.000000000000 128.000000000000 4.000000000000 0.022217520000
32.000000000000 64.000000000000 256.000000000000 0.020087680000
1.000000000000 16.000000000000 4.000000000000 0.022070440000
32.000000000000 256.000000000000 4.000000000000 0.020387860000
8.000000000000 16.000000000000 256.000000000000 0.016817160000
64.000000000000 32.000000000000 512.000000000000 0.020588620000
128.000000000000 32.000000000000 128.000000000000 0.017743640000
8.000000000000 1024.000000000000 1.000000000000 0.027562620000
1.000000000000 1024.000000000000 16.000000000000 0.026684640000
32.000000000000 8.000000000000 256.000000000000 0.028312060000
1024.000000000000 512.000000000000 2.000000000000 0.162600180000
256.000000000000 16.000000000000 1.000000000000 0.047047480000
1024.000000000000 2.000000000000 128.000000000000 0.569163280000
64.000000000000 4.000000000000 128.000000000000 0.054793740000
16.000000000000 64.000000000000 512.000000000000 0.024990660000
512.000000000000 128.000000000000 128.000000000000 0.037790940000
64.000000000000 2.000000000000 1024.000000000000 1000000000.000000000000
8.000000000000 1024.000000000000 128.000000000000 1000000000.000000000000
1024.000000000000 512.000000000000 128.000000000000 0.151607740000
512.000000000000 8.000000000000 128.000000000000 0.083360840000
256.000000000000 1.000000000000 128.000000000000 0.306611560000
8.000000000000 128.000000000000 256.000000000000 0.027034000000
1024.000000000000 128.000000000000 128.000000000000 0.073666400000
64.000000000000 2.000000000000 512.000000000000 0.108885120000
32.000000000000 128.000000000000 128.000000000000 0.020666040000
1.000000000000 2.000000000000 8.000000000000 0.091295340000
128.000000000000 4.000000000000 2.000000000000 0.092473080000
1.000000000000 32.000000000000 1.000000000000 0.019552560000
8.000000000000 32.000000000000 256.000000000000 0.021932840000
4.000000000000 128.000000000000 32.000000000000 0.022340420000
8.000000000000 64.000000000000 128.000000000000 0.022821820000
1.000000000000 128.000000000000 1.000000000000 0.020396700000
8.000000000000 128.000000000000 64.000000000000 0.022631160000
128.000000000000 16.000000000000 16.000000000000 0.024794880000
64.000000000000 256.000000000000 16.000000000000 0.021518860000
8.000000000000 256.000000000000 16.000000000000 0.024468960000
4.000000000000 256.000000000000 8.000000000000 0.022940320000
32.000000000000 64.000000000000 1.000000000000 0.018848320000
4.000000000000 128.000000000000 1.000000000000 0.021231680000
4.000000000000 256.000000000000 16.000000000000 0.029342420000
256.000000000000 16.000000000000 16.000000000000 0.027426980000
128.000000000000 256.000000000000 8.000000000000 0.025921120000
16.000000000000 512.000000000000 8.000000000000 0.025279700000
8.000000000000 256.000000000000 4.000000000000 0.021054620000
8.000000000000 128.000000000000 1.000000000000 0.020666000000
128.000000000000 16.000000000000 4.000000000000 0.027908640000
128.000000000000 32.000000000000 2.000000000000 0.025860260000
4.000000000000 32.000000000000 256.000000000000 0.022544380000
64.000000000000 512.000000000000 8.000000000000 0.027706420000
256.000000000000 64.000000000000 64.000000000000 0.017631140000
4.000000000000 16.000000000000 256.000000000000 0.019564200000
2.000000000000 4.000000000000 4.000000000000 0.028503320000
16.000000000000 128.000000000000 128.000000000000 0.021185820000
4.000000000000 64.000000000000 128.000000000000 0.029026720000
32.000000000000 32.000000000000 1.000000000000 0.019322460000
1.000000000000 16.000000000000 1.000000000000 0.022210420000
1.000000000000 64.000000000000 32.000000000000 0.021070380000
32.000000000000 512.000000000000 8.000000000000 0.026012240000
8.000000000000 256.000000000000 32.000000000000 0.026506160000
16.000000000000 1.000000000000 4.000000000000 0.122275360000
32.000000000000 8.000000000000 1024.000000000000 0.031002420000
256.000000000000 1.000000000000 256.000000000000 0.315057660000
256.000000000000 8.000000000000 512.000000000000 0.042808480000
1024.000000000000 512.000000000000 1.000000000000 0.224683260000
32.000000000000 256.000000000000 256.000000000000 0.036538520000
1.000000000000 2.000000000000 2.000000000000 0.091480580000
8.000000000000 1024.000000000000 1024.000000000000 1000000000.000000000000
128.000000000000 256.000000000000 16.000000000000 0.027628820000
2.000000000000 256.000000000000 32.000000000000 0.044907400000
64.000000000000 512.000000000000 512.000000000000 1000000000.000000000000
512.000000000000 128.000000000000 8.000000000000 0.036613540000
256.000000000000 4.000000000000 32.000000000000 0.077462480000
256.000000000000 1024.000000000000 1.000000000000 0.057956900000
4.000000000000 1.000000000000 2.000000000000 0.085598700000
1024.000000000000 256.000000000000 4.000000000000 0.127538960000
16.000000000000 1024.000000000000 1.000000000000 0.032651100000
64.000000000000 8.000000000000 1024.000000000000 1000000000.000000000000
1024.000000000000 16.000000000000 4.000000000000 0.094014840000
1024.000000000000 32.000000000000 16.000000000000 0.069201820000
64.000000000000 1.000000000000 4.000000000000 0.208523660000
256.000000000000 256.000000000000 512.000000000000 1000000000.000000000000
4.000000000000 8.000000000000 32.000000000000 0.027933260000
4.000000000000 4.000000000000 2.000000000000 0.027690240000
4.000000000000 256.000000000000 1024.000000000000 1000000000.000000000000
512.000000000000 128.000000000000 2.000000000000 0.057920860000
128.000000000000 1024.000000000000 16.000000000000 0.040352140000
4.000000000000 1024.000000000000 16.000000000000 0.045176080000
16.000000000000 128.000000000000 1.000000000000 0.018748360000
256.000000000000 4.000000000000 16.000000000000 0.071646000000
64.000000000000 256.000000000000 1.000000000000 0.033510780000
2.000000000000 512.000000000000 1024.000000000000 1000000000.000000000000
4.000000000000 1024.000000000000 1024.000000000000 1000000000.000000000000
128.000000000000 32.000000000000 256.000000000000 0.021928760000
16.000000000000 16.000000000000 512.000000000000 0.023033820000
512.000000000000 256.000000000000 2.000000000000 0.063001480000
4.000000000000 4.000000000000 1024.000000000000 1000000000.000000000000
1024.000000000000 2.000000000000 256.000000000000 0.612350440000
128.000000000000 128.000000000000 128.000000000000 0.025057600000
4.000000000000 4.000000000000 256.000000000000 0.058472780000
256.000000000000 32.000000000000 128.000000000000 0.020620400000
256.000000000000 128.000000000000 32.000000000000 0.018598140000
16.000000000000 512.000000000000 4.000000000000 0.024317560000
64.000000000000 128.000000000000 128.000000000000 0.019412260000
8.000000000000 16.000000000000 512.000000000000 0.020783960000
32.000000000000 32.000000000000 512.000000000000 0.022495000000
1.000000000000 8.000000000000 4.000000000000 0.025753880000
16.000000000000 32.000000000000 512.000000000000 0.022679020000
32.000000000000 16.000000000000 512.000000000000 0.023621360000
8.000000000000 512.000000000000 4.000000000000 0.029852760000
4.000000000000 4.000000000000 8.000000000000 0.032254780000
8.000000000000 32.000000000000 512.000000000000 0.025871160000
32.000000000000 128.000000000000 1.000000000000 0.019427380000
256.000000000000 64.000000000000 128.000000000000 0.022886960000
32.000000000000 512.000000000000 4.000000000000 0.023711660000
512.000000000000 4.000000000000 512.000000000000 0.166698000000
256.000000000000 128.000000000000 1024.000000000000 1000000000.000000000000
2.000000000000 512.000000000000 256.000000000000 1000000000.000000000000
64.000000000000 512.000000000000 1024.000000000000 1000000000.000000000000
128.000000000000 1.000000000000 4.000000000000 0.278487760000
4.000000000000 64.000000000000 1024.000000000000 1000000000.000000000000
1024.000000000000 256.000000000000 1024.000000000000 1000000000.000000000000
256.000000000000 4.000000000000 8.000000000000 0.072424540000
8.000000000000 256.000000000000 512.000000000000 1000000000.000000000000
16.000000000000 4.000000000000 32.000000000000 0.043532400000
2.000000000000 2.000000000000 256.000000000000 0.130946500000
16.000000000000 512.000000000000 512.000000000000 1000000000.000000000000
2.000000000000 256.000000000000 1.000000000000 0.026345620000
32.000000000000 2.000000000000 2.000000000000 0.097698120000
64.000000000000 2.000000000000 16.000000000000 0.100396740000
32.000000000000 2.000000000000 16.000000000000 0.082039200000
512.000000000000 8.000000000000 64.000000000000 0.092777700000
128.000000000000 4.000000000000 8.000000000000 0.069569340000
2.000000000000 512.000000000000 1.000000000000 0.028419680000
128.000000000000 4.000000000000 512.000000000000 0.078541420000
2.000000000000 1.000000000000 512.000000000000 0.265911740000
4.000000000000 2.000000000000 16.000000000000 0.079880580000
32.000000000000 256.000000000000 1.000000000000 0.033495000000
1.000000000000 256.000000000000 1.000000000000 0.023792580000
1024.000000000000 256.000000000000 2.000000000000 0.136426540000
512.000000000000 1024.000000000000 256.000000000000 1000000000.000000000000
2.000000000000 1.000000000000 128.000000000000 0.284134040000
8.000000000000 4.000000000000 1024.000000000000 1000000000.000000000000
64.000000000000 16.000000000000 1024.000000000000 1000000000.000000000000
1024.000000000000 32.000000000000 2.000000000000 0.104758660000
64.000000000000 128.000000000000 256.000000000000 0.022998360000
512.000000000000 64.000000000000 256.000000000000 0.036163460000
64.000000000000 1024.000000000000 4.000000000000 0.036925940000
2.000000000000 512.000000000000 2.000000000000 0.028304200000
2.000000000000 1024.000000000000 16.000000000000 0.042789360000
2.000000000000 128.000000000000 64.000000000000 0.039342260000
256.000000000000 1024.000000000000 512.000000000000 1000000000.000000000000
512.000000000000 8.000000000000 512.000000000000 0.083858140000
4.000000000000 128.000000000000 256.000000000000 0.037280140000
4.000000000000 512.000000000000 1.000000000000 0.024613080000
64.000000000000 1.000000000000 1024.000000000000 1000000000.000000000000
1024.000000000000 128.000000000000 256.000000000000 0.077047720000
256.000000000000 1.000000000000 1024.000000000000 1000000000.000000000000
1.000000000000 1.000000000000 512.000000000000 0.184598560000
2.000000000000 2.000000000000 2.000000000000 0.057789440000
64.000000000000 16.000000000000 2.000000000000 0.026553780000
128.000000000000 64.000000000000 128.000000000000 0.022902660000
128.000000000000 128.000000000000 64.000000000000 0.022733540000
64.000000000000 32.000000000000 1.000000000000 0.029411680000
8.000000000000 64.000000000000 256.000000000000 0.022945380000
128.000000000000 64.000000000000 2.000000000000 0.025440880000
16.000000000000 256.000000000000 2.000000000000 0.022927960000
64.000000000000 8.000000000000 8.000000000000 0.028458920000
1.000000000000 8.000000000000 8.000000000000 0.025911040000
32.000000000000 16.000000000000 1.000000000000 0.024272380000
64.000000000000 8.000000000000 4.000000000000 0.033365740000
8.000000000000 256.000000000000 2.000000000000 0.021634720000
256.000000000000 64.000000000000 2.000000000000 0.026611560000
32.000000000000 256.000000000000 2.000000000000 0.025021920000
16.000000000000 8.000000000000 256.000000000000 0.026414080000
64.000000000000 128.000000000000 1.000000000000 0.025902500000
128.000000000000 16.000000000000 256.000000000000 0.023432300000
128.000000000000 64.000000000000 256.000000000000 0.024138520000
32.000000000000 8.000000000000 2.000000000000 0.030301220000
4.000000000000 256.000000000000 4.000000000000 0.022849140000
2.000000000000 64.000000000000 128.000000000000 0.031650000000
2.000000000000 16.000000000000 128.000000000000 0.029006940000
8.000000000000 256.000000000000 1.000000000000 0.023369660000
256.000000000000 16.000000000000 256.000000000000 0.023534540000
1.000000000000 256.000000000000 8.000000000000 0.023009840000
128.000000000000 128.000000000000 2.000000000000 0.027935960000
256.000000000000 32.000000000000 256.000000000000 0.020765040000
16.000000000000 8.000000000000 128.000000000000 0.026566280000
4.000000000000 256.000000000000 2.000000000000 0.023661380000
2.000000000000 128.000000000000 32.000000000000 0.032974400000
1.000000000000 128.000000000000 32.000000000000 0.020314140000
8.000000000000 8.000000000000 32.000000000000 0.025601200000
256.000000000000 16.000000000000 128.000000000000 0.027449760000
16.000000000000 256.000000000000 1.000000000000 0.023293060000
256.000000000000 128.000000000000 64.000000000000 0.023345680000
1.000000000000 8.000000000000 16.000000000000 0.026021560000
2.000000000000 64.000000000000 256.000000000000 0.036820580000
32.000000000000 256.000000000000 32.000000000000 0.026980200000
4.000000000000 64.000000000000 256.000000000000 0.032445580000
64.000000000000 8.000000000000 16.000000000000 0.028807400000
512.000000000000 32.000000000000 32.000000000000 0.034454960000
512.000000000000 128.000000000000 16.000000000000 0.031747660000
2.000000000000 32.000000000000 256.000000000000 0.033935160000
8.000000000000 8.000000000000 64.000000000000 0.027161360000
1.000000000000 8.000000000000 1.000000000000 0.025963620000
16.000000000000 256.000000000000 32.000000000000 0.025378660000
64.000000000000 256.000000000000 32.000000000000 0.024888540000
512.000000000000 32.000000000000 64.000000000000 0.033710260000
2.000000000000 16.000000000000 256.000000000000 0.030004080000
8.000000000000 128.000000000000 128.000000000000 0.024720880000
256.000000000000 32.000000000000 2.000000000000 0.029067860000
64.000000000000 2.000000000000 2.000000000000 0.140735340000
16.000000000000 1024.000000000000 256.000000000000 1000000000.000000000000
1024.000000000000 128.000000000000 32.000000000000 0.055016860000
32.000000000000 1.000000000000 1.000000000000 0.246931520000
8.000000000000 2.000000000000 256.000000000000 0.104112140000
1.000000000000 128.000000000000 128.000000000000 0.022163820000
1.000000000000 64.000000000000 256.000000000000 0.020160780000
512.000000000000 16.000000000000 128.000000000000 0.052542420000
512.000000000000 1.000000000000 2.000000000000 1000000000.000000000000
1.000000000000 32.000000000000 32.000000000000 0.021901820000
16.000000000000 128.000000000000 256.000000000000 0.024772500000
1.000000000000 32.000000000000 64.000000000000 0.020826320000
256.000000000000 64.000000000000 256.000000000000 0.023797920000
8.000000000000 512.000000000000 128.000000000000 0.043396140000
256.000000000000 1.000000000000 64.000000000000 0.317816580000
4.000000000000 1024.000000000000 256.000000000000 1000000000.000000000000
4.000000000000 2.000000000000 32.000000000000 0.099474500000
128.000000000000 32.000000000000 1.000000000000 0.038805420000
8.000000000000 1024.000000000000 512.000000000000 1000000000.000000000000
128.000000000000 1.000000000000 8.000000000000 0.256098960000
16.000000000000 256.000000000000 256.000000000000 0.036916840000
32.000000000000 1.000000000000 8.000000000000 0.147500000000
2.000000000000 256.000000000000 512.000000000000 1000000000.000000000000
1024.000000000000 64.000000000000 64.000000000000 0.050338040000
1024.000000000000 16.000000000000 2.000000000000 0.137277340000
1.000000000000 4.000000000000 2.000000000000 0.046649040000
32.000000000000 512.000000000000 1024.000000000000 1000000000.000000000000
64.000000000000 8.000000000000 1.000000000000 0.062567380000
1.000000000000 512.000000000000 8.000000000000 0.025561580000
256.000000000000 1.000000000000 4.000000000000 0.292338740000
512.000000000000 2.000000000000 512.000000000000 0.323762100000
256.000000000000 32.000000000000 512.000000000000 0.026264700000
128.000000000000 256.000000000000 128.000000000000 0.035098020000
1.000000000000 8.000000000000 32.000000000000 0.027613740000
1.000000000000 1024.000000000000 256.000000000000 1000000000.000000000000
128.000000000000 1.000000000000 16.000000000000 0.265988880000
4.000000000000 2.000000000000 256.000000000000 0.113506540000
64.000000000000 2.000000000000 1.000000000000 0.222476780000
512.000000000000 32.000000000000 1.000000000000 0.080150680000
512.000000000000 256.000000000000 32.000000000000 0.045508700000
2.000000000000 4.000000000000 1.000000000000 0.031249240000
16.000000000000 128.000000000000 512.000000000000 1000000000.000000000000
8.000000000000 1.000000000000 32.000000000000 0.173208440000
4.000000000000 512.000000000000 1024.000000000000 1000000000.000000000000
64.000000000000 1.000000000000 16.000000000000 0.196363940000
1.000000000000 512.000000000000 16.000000000000 0.024933240000
8.000000000000 512.000000000000 64.000000000000 0.038712240000
256.000000000000 2.000000000000 8.000000000000 0.136580300000
16.000000000000 128.000000000000 1024.000000000000 1000000000.000000000000
512.000000000000 8.000000000000 4.000000000000 0.070905260000
1.000000000000 16.000000000000 64.000000000000 0.023258620000
32.000000000000 512.000000000000 2.000000000000 0.026375880000
2.000000000000 16.000000000000 512.000000000000 0.036251360000
512.000000000000 32.000000000000 128.000000000000 0.033356980000
512.000000000000 256.000000000000 8.000000000000 0.041409860000
16.000000000000 32.000000000000 1024.000000000000 1000000000.000000000000
32.000000000000 1.000000000000 32.000000000000 0.188998980000
8.000000000000 4.000000000000 512.000000000000 0.054113700000
2.000000000000 256.000000000000 256.000000000000 0.061647440000
1.000000000000 8.000000000000 512.000000000000 0.027072700000
1.000000000000 1.000000000000 8.000000000000 0.181146380000
128.000000000000 1024.000000000000 128.000000000000 1000000000.000000000000
8.000000000000 2.000000000000 2.000000000000 0.052100560000
32.000000000000 2.000000000000 4.000000000000 0.084163360000
8.000000000000 128.000000000000 1024.000000000000 1000000000.000000000000
128.000000000000 512.000000000000 1.000000000000 0.056483380000
128.000000000000 256.000000000000 4.000000000000 0.026748000000
512.000000000000 1024.000000000000 64.000000000000 1000000000.000000000000
2.000000000000 32.000000000000 512.000000000000 0.037716080000
32.000000000000 1.000000000000 2.000000000000 0.182453220000
128.000000000000 256.000000000000 64.000000000000 0.032850740000
64.000000000000 256.000000000000 512.000000000000 1000000000.000000000000
4.000000000000 1.000000000000 64.000000000000 0.216931280000
16.000000000000 1.000000000000 1.000000000000 0.119946760000
128.000000000000 128.000000000000 1.000000000000 0.035853640000
32.000000000000 1024.000000000000 8.000000000000 0.035014460000
128.000000000000 8.000000000000 16.000000000000 0.037600280000
1.000000000000 2.000000000000 4.000000000000 0.091036300000
128.000000000000 1.000000000000 256.000000000000 0.299615180000
128.000000000000 512.000000000000 4.000000000000 0.032085640000
128.000000000000 1.000000000000 1.000000000000 0.536451540000
1.000000000000 64.000000000000 64.000000000000 0.021786820000
1.000000000000 32.000000000000 128.000000000000 0.021123720000
1.000000000000 16.000000000000 32.000000000000 0.024039700000
1.000000000000 128.000000000000 64.000000000000 0.020796420000
1.000000000000 64.000000000000 128.000000000000 0.022266540000
1.000000000000 16.000000000000 128.000000000000 0.023057320000
64.000000000000 256.000000000000 2.000000000000 0.024835960000
1.000000000000 256.000000000000 2.000000000000 0.023418700000
16.000000000000 256.000000000000 64.000000000000 0.026203960000
2.000000000000 256.000000000000 8.000000000000 0.026568120000
2.000000000000 8.000000000000 32.000000000000 0.035064760000
4.000000000000 256.000000000000 1.000000000000 0.024116900000
4.000000000000 128.000000000000 64.000000000000 0.028695240000
4.000000000000 512.000000000000 4.000000000000 0.024586560000
1.000000000000 8.000000000000 2.000000000000 0.025405420000
32.000000000000 8.000000000000 32.000000000000 0.026941160000
16.000000000000 512.000000000000 1.000000000000 0.028286520000
8.000000000000 512.000000000000 8.000000000000 0.031530860000
4.000000000000 4.000000000000 4.000000000000 0.029087920000
8.000000000000 512.000000000000 2.000000000000 0.027294920000
64.000000000000 256.000000000000 64.000000000000 0.027794100000
2.000000000000 256.000000000000 2.000000000000 0.026942160000
32.000000000000 256.000000000000 64.000000000000 0.027745040000
8.000000000000 512.000000000000 1.000000000000 0.027250500000
16.000000000000 512.000000000000 2.000000000000 0.024427200000
1.000000000000 256.000000000000 16.000000000000 0.022242360000
256.000000000000 16.000000000000 4.000000000000 0.028758520000
64.000000000000 512.000000000000 4.000000000000 0.025052400000
32.000000000000 64.000000000000 512.000000000000 0.025907580000
1.000000000000 16.000000000000 256.000000000000 0.023510600000
1.000000000000 128.000000000000 256.000000000000 0.024573860000
1.000000000000 32.000000000000 256.000000000000 0.022034140000
256.000000000000 256.000000000000 8.000000000000 0.026244000000
1.000000000000 512.000000000000 1.000000000000 0.025262180000
256.000000000000 128.000000000000 2.000000000000 0.030192400000
4.000000000000 8.000000000000 64.000000000000 0.030455680000
32.000000000000 8.000000000000 64.000000000000 0.028622700000
2.000000000000 8.000000000000 64.000000000000 0.040085240000
512.000000000000 64.000000000000 8.000000000000 0.039088480000
128.000000000000 32.000000000000 512.000000000000 0.026609400000
256.000000000000 256.000000000000 4.000000000000 0.031373920000
2.000000000000 256.000000000000 4.000000000000 0.027204840000
512.000000000000 32.000000000000 16.000000000000 0.033004920000
8.000000000000 8.000000000000 256.000000000000 0.027889460000
128.000000000000 128.000000000000 256.000000000000 0.032242740000
128.000000000000 256.000000000000 32.000000000000 0.029714780000
64.000000000000 64.000000000000 512.000000000000 0.023396500000
1.000000000000 512.000000000000 2.000000000000 0.024812240000
8.000000000000 256.000000000000 64.000000000000 0.030809560000
1024.000000000000 1024.000000000000 4.000000000000 0.096699940000
4.000000000000 32.000000000000 1024.000000000000 1000000000.000000000000
512.000000000000 512.000000000000 2.000000000000 0.083899220000
512.000000000000 2.000000000000 128.000000000000 0.316738420000
1.000000000000 4.000000000000 8.000000000000 0.045623580000
16.000000000000 256.000000000000 128.000000000000 0.032040540000
1024.000000000000 2.000000000000 32.000000000000 0.461394980000
1024.000000000000 8.000000000000 32.000000000000 0.126438180000
256.000000000000 256.000000000000 128.000000000000 0.036957240000
256.000000000000 32.000000000000 1.000000000000 0.044307760000
4.000000000000 1.000000000000 512.000000000000 0.222079740000
32.000000000000 8.000000000000 1.000000000000 0.039091660000
256.000000000000 16.000000000000 512.000000000000 0.026652000000
128.000000000000 16.000000000000 512.000000000000 0.027888780000
4.000000000000 128.000000000000 128.000000000000 0.031207180000
4.000000000000 32.000000000000 512.000000000000 0.026233660000
256.000000000000 16.000000000000 2.000000000000 0.034171940000
256.000000000000 256.000000000000 16.000000000000 0.027740240000
1.000000000000 256.000000000000 32.000000000000 0.024115700000
2.000000000000 512.000000000000 4.000000000000 0.029337940000
2.000000000000 256.000000000000 16.000000000000 0.025839120000
1.000000000000 256.000000000000 64.000000000000 0.024524460000
8.000000000000 8.000000000000 128.000000000000 0.028343120000
256.000000000000 256.000000000000 32.000000000000 0.029869900000
4.000000000000 256.000000000000 32.000000000000 0.033255280000
16.000000000000 8.000000000000 512.000000000000 0.026823280000
1.000000000000 32.000000000000 512.000000000000 0.021733380000
1.000000000000 16.000000000000 512.000000000000 0.023220300000
64.000000000000 8.000000000000 256.000000000000 0.028640040000
16.000000000000 4.000000000000 1.000000000000 0.042317760000
256.000000000000 128.000000000000 256.000000000000 0.026924540000
32.000000000000 512.000000000000 16.000000000000 0.030317280000
4.000000000000 512.000000000000 2.000000000000 0.024955700000
8.000000000000 4.000000000000 2.000000000000 0.031901880000
1.000000000000 512.000000000000 32.000000000000 0.024663520000
4.000000000000 512.000000000000 8.000000000000 0.027955360000
64.000000000000 8.000000000000 64.000000000000 0.027577560000
8.000000000000 4.000000000000 1.000000000000 0.032712620000
256.000000000000 2.000000000000 16.000000000000 0.139648360000
1024.000000000000 1.000000000000 512.000000000000 1000000000.000000000000
8.000000000000 512.000000000000 32.000000000000 0.033396360000
16.000000000000 4.000000000000 16.000000000000 0.036333560000
128.000000000000 256.000000000000 2.000000000000 0.036981500000
2.000000000000 4.000000000000 16.000000000000 0.031677480000
32.000000000000 256.000000000000 1024.000000000000 1000000000.000000000000
512.000000000000 1.000000000000 1.000000000000 1000000000.000000000000
2.000000000000 2.000000000000 1.000000000000 0.058192760000
8.000000000000 4.000000000000 8.000000000000 0.033317840000
512.000000000000 4.000000000000 4.000000000000 0.154981640000
1.000000000000 1024.000000000000 1024.000000000000 1000000000.000000000000
512.000000000000 2.000000000000 256.000000000000 0.316300800000
4.000000000000 2.000000000000 512.000000000000 0.117979840000
4.000000000000 512.000000000000 512.000000000000 1000000000.000000000000
2.000000000000 1.000000000000 1.000000000000 0.108040140000
1024.000000000000 128.000000000000 16.000000000000 0.049692300000
256.000000000000 1024.000000000000 1024.000000000000 1000000000.000000000000
1024.000000000000 1.000000000000 128.000000000000 1000000000.000000000000
64.000000000000 8.000000000000 512.000000000000 0.030662140000
256.000000000000 256.000000000000 256.000000000000 0.044275880000
128.000000000000 1.000000000000 1024.000000000000 1000000000.000000000000
1024.000000000000 2.000000000000 1024.000000000000 1000000000.000000000000
512.000000000000 8.000000000000 1.000000000000 0.145676160000
128.000000000000 2.000000000000 512.000000000000 0.157643440000
512.000000000000 512.000000000000 16.000000000000 0.055607640000
4.000000000000 512.000000000000 256.000000000000 1000000000.000000000000
64.000000000000 1024.000000000000 16.000000000000 0.034366760000
128.000000000000 128.000000000000 1024.000000000000 1000000000.000000000000
512.000000000000 256.000000000000 16.000000000000 0.043258400000
1024.000000000000 4.000000000000 4.000000000000 0.286191720000
8.000000000000 2.000000000000 512.000000000000 0.108089820000
2.000000000000 2.000000000000 128.000000000000 0.148944000000
1.000000000000 64.000000000000 512.000000000000 0.020752080000
16.000000000000 4.000000000000 4.000000000000 0.035909120000
1.000000000000 256.000000000000 128.000000000000 0.026126060000
8.000000000000 64.000000000000 512.000000000000 0.029256860000
4.000000000000 64.000000000000 512.000000000000 0.036385160000
8.000000000000 8.000000000000 512.000000000000 0.029643220000
8.000000000000 512.000000000000 16.000000000000 0.033015720000
128.000000000000 64.000000000000 512.000000000000 0.028410480000
8.000000000000 4.000000000000 4.000000000000 0.034612540000
512.000000000000 32.000000000000 8.000000000000 0.042990480000
64.000000000000 512.000000000000 16.000000000000 0.030442380000
2.000000000000 128.000000000000 128.000000000000 0.046533740000
64.000000000000 8.000000000000 128.000000000000 0.029108300000
16.000000000000 4.000000000000 8.000000000000 0.032058700000
16.000000000000 1024.000000000000 2.000000000000 0.026733240000
512.000000000000 128.000000000000 32.000000000000 0.031147440000
32.000000000000 256.000000000000 128.000000000000 0.032508040000
4.000000000000 8.000000000000 256.000000000000 0.030414080000
16.000000000000 4.000000000000 64.000000000000 0.048270920000
256.000000000000 512.000000000000 512.000000000000 1000000000.000000000000
4.000000000000 512.000000000000 128.000000000000 0.052340620000
512.000000000000 16.000000000000 4.000000000000 0.049319940000
512.000000000000 512.000000000000 128.000000000000 0.078904620000
256.000000000000 256.000000000000 2.000000000000 0.037001380000
1024.000000000000 32.000000000000 128.000000000000 0.064722160000
1024.000000000000 256.000000000000 256.000000000000 0.129065580000
512.000000000000 4.000000000000 2.000000000000 0.169195800000
512.000000000000 1024.000000000000 16.000000000000 0.067788460000
1024.000000000000 16.000000000000 8.000000000000 0.082276980000
64.000000000000 1024.000000000000 256.000000000000 1000000000.000000000000
64.000000000000 4.000000000000 32.000000000000 0.054129000000
512.000000000000 512.000000000000 512.000000000000 1000000000.000000000000
1024.000000000000 8.000000000000 8.000000000000 0.118465540000
256.000000000000 512.000000000000 16.000000000000 0.037171680000
1024.000000000000 512.000000000000 1024.000000000000 1000000000.000000000000
16.000000000000 8.000000000000 1024.000000000000 1000000000.000000000000
1024.000000000000 1024.000000000000 256.000000000000 1000000000.000000000000
256.000000000000 1024.000000000000 256.000000000000 1000000000.000000000000
1024.000000000000 4.000000000000 8.000000000000 0.238380680000
4.000000000000 1024.000000000000 512.000000000000 1000000000.000000000000
256.000000000000 4.000000000000 512.000000000000 0.083401160000
16.000000000000 2.000000000000 32.000000000000 0.085178400000
64.000000000000 4.000000000000 16.000000000000 0.050329460000
2.000000000000 2.000000000000 8.000000000000 0.064698500000
16.000000000000 1.000000000000 32.000000000000 0.166792620000
1.000000000000 1024.000000000000 64.000000000000 0.033338160000
128.000000000000 1.000000000000 32.000000000000 0.285903360000
1.000000000000 4.000000000000 4.000000000000 0.046685000000
256.000000000000 8.000000000000 128.000000000000 0.044928260000
32.000000000000 2.000000000000 512.000000000000 0.112823340000
256.000000000000 2.000000000000 128.000000000000 0.161891640000
512.000000000000 4.000000000000 8.000000000000 0.127556180000
128.000000000000 16.000000000000 1.000000000000 0.048727060000
1024.000000000000 512.000000000000 16.000000000000 0.114628500000
64.000000000000 2.000000000000 256.000000000000 0.108471800000
64.000000000000 128.000000000000 512.000000000000 1000000000.000000000000
64.000000000000 2.000000000000 32.000000000000 0.103078800000
8.000000000000 1.000000000000 8.000000000000 0.124358300000
64.000000000000 2.000000000000 4.000000000000 0.116628680000
128.000000000000 4.000000000000 16.000000000000 0.071247480000
1.000000000000 512.000000000000 1024.000000000000 1000000000.000000000000
512.000000000000 2.000000000000 16.000000000000 0.273850100000
64.000000000000 1024.000000000000 1.000000000000 0.045364900000
2.000000000000 4.000000000000 32.000000000000 0.063936800000
512.000000000000 128.000000000000 1.000000000000 0.088433380000
1024.000000000000 8.000000000000 256.000000000000 0.171448580000
1024.000000000000 16.000000000000 512.000000000000 0.090283860000
1.000000000000 4.000000000000 64.000000000000 0.050480980000
8.000000000000 64.000000000000 1024.000000000000 1000000000.000000000000
1024.000000000000 1024.000000000000 8.000000000000 0.116891440000
128.000000000000 1024.000000000000 4.000000000000 0.042963240000
4.000000000000 1024.000000000000 64.000000000000 1000000000.000000000000
4.000000000000 1024.000000000000 2.000000000000 0.035799660000
8.000000000000 1024.000000000000 2.000000000000 0.030817640000
512.000000000000 64.000000000000 64.000000000000 0.030474020000
16.000000000000 512.000000000000 32.000000000000 0.032319020000
256.000000000000 64.000000000000 512.000000000000 0.027952480000
1.000000000000 1024.000000000000 2.000000000000 0.029084380000
64.000000000000 512.000000000000 32.000000000000 0.030588400000
2.000000000000 4.000000000000 8.000000000000 0.030863880000
16.000000000000 1024.000000000000 4.000000000000 0.035966960000
1.000000000000 256.000000000000 256.000000000000 0.029867360000
128.000000000000 8.000000000000 1.000000000000 0.078435540000
1024.000000000000 128.000000000000 512.000000000000 0.098307480000
512.000000000000 1.000000000000 1024.000000000000 1000000000.000000000000
1.000000000000 4.000000000000 1.000000000000 0.046681800000
256.000000000000 64.000000000000 1.000000000000 0.040835460000
32.000000000000 1024.000000000000 512.000000000000 1000000000.000000000000
16.000000000000 1.000000000000 64.000000000000 0.184303560000
16.000000000000 512.000000000000 128.000000000000 0.040714940000
64.000000000000 512.000000000000 256.000000000000 1000000000.000000000000
128.000000000000 1024.000000000000 256.000000000000 1000000000.000000000000
256.000000000000 8.000000000000 256.000000000000 0.042273620000
512.000000000000 128.000000000000 512.000000000000 1000000000.000000000000
1024.000000000000 4.000000000000 256.000000000000 0.329043600000
64.000000000000 4.000000000000 4.000000000000 0.056988620000
128.000000000000 2.000000000000 16.000000000000 0.136102780000
512.000000000000 4.000000000000 64.000000000000 0.183184120000
4.000000000000 512.000000000000 64.000000000000 0.047737680000
128.000000000000 256.000000000000 512.000000000000 1000000000.000000000000
256.000000000000 1024.000000000000 8.000000000000 0.042523140000
1024.000000000000 4.000000000000 64.000000000000 0.296375880000
1024.000000000000 64.000000000000 2.000000000000 0.104958380000
512.000000000000 256.000000000000 256.000000000000 0.064485860000
16.000000000000 1.000000000000 1024.000000000000 1000000000.000000000000
16.000000000000 1024.000000000000 128.000000000000 1000000000.000000000000
64.000000000000 4.000000000000 256.000000000000 0.055248860000
16.000000000000 1.000000000000 256.000000000000 0.193337460000
32.000000000000 2.000000000000 1.000000000000 0.135090680000
16.000000000000 64.000000000000 1024.000000000000 1000000000.000000000000
512.000000000000 4.000000000000 16.000000000000 0.140338420000
8.000000000000 256.000000000000 128.000000000000 0.036082440000
512.000000000000 256.000000000000 1024.000000000000 1000000000.000000000000
128.000000000000 8.000000000000 1024.000000000000 1000000000.000000000000
512.000000000000 1.000000000000 16.000000000000 0.485835120000
1.000000000000 8.000000000000 64.000000000000 0.029261480000
1024.000000000000 32.000000000000 1024.000000000000 1000000000.000000000000
128.000000000000 512.000000000000 256.000000000000 1000000000.000000000000
4.000000000000 2.000000000000 2.000000000000 0.048931360000
64.000000000000 4.000000000000 512.000000000000 0.055499500000
4.000000000000 1.000000000000 1024.000000000000 1000000000.000000000000
512.000000000000 1024.000000000000 512.000000000000 1000000000.000000000000
8.000000000000 1024.000000000000 8.000000000000 0.037427720000
128.000000000000 1024.000000000000 64.000000000000 1000000000.000000000000
16.000000000000 1.000000000000 128.000000000000 0.196533260000
2.000000000000 1024.000000000000 1024.000000000000 1000000000.000000000000
2.000000000000 1024.000000000000 128.000000000000 1000000000.000000000000
256.000000000000 32.000000000000 1024.000000000000 1000000000.000000000000
2.000000000000 1.000000000000 64.000000000000 0.261664220000
32.000000000000 1024.000000000000 256.000000000000 1000000000.000000000000
16.000000000000 256.000000000000 1024.000000000000 1000000000.000000000000
512.000000000000 1024.000000000000 4.000000000000 0.063827680000
1.000000000000 512.000000000000 64.000000000000 0.028900900000
32.000000000000 512.000000000000 32.000000000000 0.030997900000
32.000000000000 1024.000000000000 2.000000000000 0.035936940000
128.000000000000 1024.000000000000 1024.000000000000 1000000000.000000000000
8.000000000000 1024.000000000000 16.000000000000 0.037752900000
1.000000000000 1024.000000000000 1.000000000000 0.028485220000
1.000000000000 8.000000000000 128.000000000000 0.027544500000
2.000000000000 1024.000000000000 256.000000000000 1000000000.000000000000
512.000000000000 32.000000000000 2.000000000000 0.048176180000
1024.000000000000 512.000000000000 256.000000000000 1000000000.000000000000
2.000000000000 64.000000000000 1024.000000000000 1000000000.000000000000
512.000000000000 2.000000000000 8.000000000000 0.248486580000
256.000000000000 2.000000000000 4.000000000000 0.154107280000
1024.000000000000 256.000000000000 512.000000000000 1000000000.000000000000
512.000000000000 512.000000000000 64.000000000000 0.066411800000
1024.000000000000 64.000000000000 16.000000000000 0.043057720000
1024.000000000000 32.000000000000 256.000000000000 0.052015260000
2.000000000000 16.000000000000 1024.000000000000 1000000000.000000000000
8.000000000000 32.000000000000 1024.000000000000 1000000000.000000000000
2.000000000000 512.000000000000 128.000000000000 0.066216720000
1024.000000000000 1024.000000000000 16.000000000000 0.105684740000
32.000000000000 1.000000000000 16.000000000000 0.156405540000
1.000000000000 4.000000000000 32.000000000000 0.046736120000
128.000000000000 8.000000000000 4.000000000000 0.044700600000
64.000000000000 512.000000000000 1.000000000000 0.039357020000
1024.000000000000 16.000000000000 1024.000000000000 1000000000.000000000000
512.000000000000 2.000000000000 1.000000000000 0.497864940000
1024.000000000000 4.000000000000 1024.000000000000 1000000000.000000000000
1024.000000000000 64.000000000000 4.000000000000 0.071551800000
2.000000000000 1024.000000000000 32.000000000000 0.063511040000
512.000000000000 16.000000000000 2.000000000000 0.059246840000
256.000000000000 1.000000000000 32.000000000000 0.299510640000
256.000000000000 8.000000000000 1.000000000000 0.078381120000
512.000000000000 8.000000000000 2.000000000000 0.095537800000
1.000000000000 256.000000000000 512.000000000000 1000000000.000000000000
256.000000000000 1024.000000000000 4.000000000000 0.045082880000
16.000000000000 1.000000000000 2.000000000000 0.143045860000
16.000000000000 2.000000000000 64.000000000000 0.092993480000
2.000000000000 4.000000000000 256.000000000000 0.069086040000
16.000000000000 512.000000000000 1024.000000000000 1000000000.000000000000
128.000000000000 1024.000000000000 2.000000000000 0.045813840000
512.000000000000 512.000000000000 256.000000000000 1000000000.000000000000
256.000000000000 1.000000000000 2.000000000000 0.345239760000
1024.000000000000 1024.000000000000 2.000000000000 0.119189500000
8.000000000000 256.000000000000 256.000000000000 0.039855500000
16.000000000000 1024.000000000000 32.000000000000 0.037944160000
512.000000000000 256.000000000000 1.000000000000 0.123022780000
128.000000000000 8.000000000000 2.000000000000 0.050574560000
64.000000000000 1.000000000000 256.000000000000 0.212668860000
1.000000000000 8.000000000000 1024.000000000000 1000000000.000000000000
512.000000000000 1.000000000000 512.000000000000 0.592304120000
256.000000000000 256.000000000000 1024.000000000000 1000000000.000000000000
2.000000000000 2.000000000000 4.000000000000 0.054045740000
8.000000000000 8.000000000000 1024.000000000000 1000000000.000000000000
16.000000000000 2.000000000000 8.000000000000 0.064170100000
4.000000000000 2.000000000000 1024.000000000000 1000000000.000000000000
128.000000000000 1.000000000000 128.000000000000 0.289969760000
2.000000000000 256.000000000000 64.000000000000 0.048579640000
32.000000000000 512.000000000000 256.000000000000 1000000000.000000000000
1.000000000000 512.000000000000 512.000000000000 1000000000.000000000000
32.000000000000 8.000000000000 512.000000000000 0.030260200000
1.000000000000 1024.000000000000 32.000000000000 0.031043800000
2.000000000000 64.000000000000 512.000000000000 0.046034260000
128.000000000000 64.000000000000 1.000000000000 0.035766900000
4.000000000000 1024.000000000000 1.000000000000 0.030716040000
4.000000000000 512.000000000000 16.000000000000 0.036980220000
1.000000000000 1024.000000000000 4.000000000000 0.025933940000
128.000000000000 512.000000000000 8.000000000000 0.036157080000
128.000000000000 8.000000000000 256.000000000000 0.041612840000
2.000000000000 4.000000000000 2.000000000000 0.030360540000
1.000000000000 1024.000000000000 8.000000000000 0.028277360000
128.000000000000 512.000000000000 16.000000000000 0.036976900000
128.000000000000 8.000000000000 128.000000000000 0.039800680000
2.000000000000 512.000000000000 8.000000000000 0.028759120000
4.000000000000 8.000000000000 512.000000000000 0.031973940000
32.000000000000 512.000000000000 64.000000000000 0.034926500000
16.000000000000 4.000000000000 2.000000000000 0.045959300000
256.000000000000 512.000000000000 8.000000000000 0.035493620000
8.000000000000 1024.000000000000 4.000000000000 0.033159080000
64.000000000000 8.000000000000 2.000000000000 0.037393640000
128.000000000000 8.000000000000 64.000000000000 0.038820980000
4.000000000000 4.000000000000 1.000000000000 0.033812940000
512.000000000000 128.000000000000 64.000000000000 0.039175500000
64.000000000000 512.000000000000 64.000000000000 0.034667660000
256.000000000000 8.000000000000 16.000000000000 0.040452100000
256.000000000000 8.000000000000 32.000000000000 0.042039380000
2.000000000000 128.000000000000 256.000000000000 0.049893240000
128.000000000000 8.000000000000 8.000000000000 0.037775980000
4.000000000000 4.000000000000 16.000000000000 0.041936840000
4.000000000000 256.000000000000 64.000000000000 0.038760240000
512.000000000000 32.000000000000 4.000000000000 0.041772240000
8.000000000000 4.000000000000 16.000000000000 0.038300100000
32.000000000000 4.000000000000 8.000000000000 0.040912640000
4.000000000000 1024.000000000000 4.000000000000 0.033606320000
256.000000000000 512.000000000000 4.000000000000 0.032549820000
512.000000000000 64.000000000000 128.000000000000 0.036682960000
256.000000000000 8.000000000000 64.000000000000 0.041019880000
32.000000000000 4.000000000000 16.000000000000 0.043276580000
32.000000000000 1.000000000000 1024.000000000000 1000000000.000000000000
1024.000000000000 1.000000000000 64.000000000000 1000000000.000000000000
8.000000000000 512.000000000000 256.000000000000 1000000000.000000000000
1024.000000000000 256.000000000000 64.000000000000 0.104099420000
1024.000000000000 64.000000000000 1024.000000000000 1000000000.000000000000
2.000000000000 32.000000000000 1024.000000000000 1000000000.000000000000
4.000000000000 1.000000000000 1.000000000000 0.089511680000
512.000000000000 128.000000000000 256.000000000000 0.044615880000
128.000000000000 4.000000000000 128.000000000000 0.076119800000
8.000000000000 1024.000000000000 64.000000000000 1000000000.000000000000
1024.000000000000 512.000000000000 32.000000000000 0.119089080000
64.000000000000 4.000000000000 1.000000000000 0.115203740000
128.000000000000 128.000000000000 512.000000000000 1000000000.000000000000
1.000000000000 2.000000000000 256.000000000000 0.096477660000
64.000000000000 1024.000000000000 1024.000000000000 1000000000.000000000000
32.000000000000 1024.000000000000 1.000000000000 0.043186060000
512.000000000000 1.000000000000 256.000000000000 0.580273660000
32.000000000000 512.000000000000 128.000000000000 0.039091300000
1024.000000000000 128.000000000000 1024.000000000000 1000000000.000000000000
2.000000000000 512.000000000000 64.000000000000 0.058115240000
8.000000000000 128.000000000000 512.000000000000 1000000000.000000000000
32.000000000000 2.000000000000 8.000000000000 0.074697380000
2.000000000000 2.000000000000 512.000000000000 0.134692040000
256.000000000000 8.000000000000 1024.000000000000 0.041635920000
512.000000000000 8.000000000000 256.000000000000 0.080300440000
16.000000000000 1024.000000000000 1024.000000000000 1000000000.000000000000
8.000000000000 1.000000000000 2.000000000000 0.108131080000
512.000000000000 64.000000000000 4.000000000000 0.042604240000
2.000000000000 8.000000000000 256.000000000000 0.036520760000
1024.000000000000 1.000000000000 1.000000000000 1000000000.000000000000
1024.000000000000 4.000000000000 32.000000000000 0.264965620000
128.000000000000 4.000000000000 64.000000000000 0.072918820000
16.000000000000 2.000000000000 16.000000000000 0.067425300000
1024.000000000000 8.000000000000 64.000000000000 0.133434240000
1024.000000000000 32.000000000000 64.000000000000 0.053228580000
1024.000000000000 32.000000000000 8.000000000000 0.063856880000
4.000000000000 256.000000000000 128.000000000000 0.042712380000
256.000000000000 512.000000000000 1024.000000000000 1000000000.000000000000
64.000000000000 256.000000000000 256.000000000000 0.034533420000
1.000000000000 128.000000000000 1024.000000000000 1000000000.000000000000
1024.000000000000 2.000000000000 8.000000000000 0.406522580000
32.000000000000 4.000000000000 512.000000000000 0.055610600000
512.000000000000 1024.000000000000 1024.000000000000 1000000000.000000000000
4.000000000000 128.000000000000 1024.000000000000 1000000000.000000000000
512.000000000000 2.000000000000 2.000000000000 0.328917820000
8.000000000000 1.000000000000 4.000000000000 0.119676920000
256.000000000000 512.000000000000 128.000000000000 0.043803980000
256.000000000000 2.000000000000 1.000000000000 0.305307100000
256.000000000000 128.000000000000 512.000000000000 1000000000.000000000000
256.000000000000 256.000000000000 1.000000000000 0.058033360000
64.000000000000 1.000000000000 64.000000000000 0.206882500000
128.000000000000 32.000000000000 1024.000000000000 1000000000.000000000000
1.000000000000 1.000000000000 16.000000000000 0.181900460000
8.000000000000 1.000000000000 512.000000000000 0.210810720000
256.000000000000 2.000000000000 64.000000000000 0.150061480000
128.000000000000 16.000000000000 1024.000000000000 1000000000.000000000000
1024.000000000000 8.000000000000 4.000000000000 0.136048840000
1024.000000000000 2.000000000000 64.000000000000 0.526838680000
64.000000000000 1024.000000000000 8.000000000000 0.032923900000
16.000000000000 2.000000000000 1024.000000000000 1000000000.000000000000
32.000000000000 1.000000000000 4.000000000000 0.146614780000
1024.000000000000 1024.000000000000 32.000000000000 0.107747280000
1024.000000000000 64.000000000000 256.000000000000 0.071387440000
512.000000000000 256.000000000000 4.000000000000 0.051527240000
2.000000000000 8.000000000000 1024.000000000000 1000000000.000000000000
64.000000000000 1024.000000000000 64.000000000000 1000000000.000000000000
64.000000000000 1024.000000000000 2.000000000000 0.035964900000
128.000000000000 512.000000000000 32.000000000000 0.033675960000
1024.000000000000 1.000000000000 1024.000000000000 1000000000.000000000000
1024.000000000000 64.000000000000 128.000000000000 0.056493180000
1024.000000000000 2.000000000000 16.000000000000 0.411441040000
1024.000000000000 1024.000000000000 128.000000000000 1000000000.000000000000
512.000000000000 1024.000000000000 8.000000000000 0.069616700000
1.000000000000 32.000000000000 1024.000000000000 1000000000.000000000000
512.000000000000 1.000000000000 128.000000000000 0.600624640000
1.000000000000 512.000000000000 128.000000000000 0.030864460000
512.000000000000 8.000000000000 16.000000000000 0.077115880000
1024.000000000000 256.000000000000 1.000000000000 0.195552040000
1024.000000000000 2.000000000000 1.000000000000 1000000000.000000000000
8.000000000000 1.000000000000 64.000000000000 0.196625420000
64.000000000000 256.000000000000 1024.000000000000 1000000000.000000000000
2.000000000000 256.000000000000 128.000000000000 0.061711580000
1024.000000000000 512.000000000000 512.000000000000 1000000000.000000000000
128.000000000000 2.000000000000 256.000000000000 0.151807140000
128.000000000000 1024.000000000000 8.000000000000 0.041774280000
128.000000000000 256.000000000000 1024.000000000000 1000000000.000000000000
1.000000000000 16.000000000000 1024.000000000000 1000000000.000000000000
1024.000000000000 4.000000000000 512.000000000000 0.331232080000
1024.000000000000 64.000000000000 1.000000000000 0.187051800000
8.000000000000 2.000000000000 1.000000000000 0.055709240000
512.000000000000 16.000000000000 1.000000000000 0.118257440000
256.000000000000 4.000000000000 128.000000000000 0.084218340000
1024.000000000000 1.000000000000 256.000000000000 1000000000.000000000000
512.000000000000 16.000000000000 16.000000000000 0.047212760000
1.000000000000 8.000000000000 256.000000000000 0.026758140000
4.000000000000 512.000000000000 32.000000000000 0.040416940000
32.000000000000 1024.000000000000 4.000000000000 0.034247100000
512.000000000000 16.000000000000 32.000000000000 0.051972960000
2.000000000000 512.000000000000 16.000000000000 0.031090360000
512.000000000000 16.000000000000 64.000000000000 0.050241420000
128.000000000000 512.000000000000 2.000000000000 0.038439540000
2.000000000000 1024.000000000000 4.000000000000 0.033736740000
256.000000000000 512.000000000000 32.000000000000 0.035336080000
16.000000000000 1024.000000000000 8.000000000000 0.034312280000
4.000000000000 1024.000000000000 8.000000000000 0.033838940000
2.000000000000 1024.000000000000 64.000000000000 1000000000.000000000000
4.000000000000 1.000000000000 4.000000000000 0.117999580000
4.000000000000 4.000000000000 64.000000000000 0.058496820000
16.000000000000 2.000000000000 4.000000000000 0.068826160000
128.000000000000 2.000000000000 128.000000000000 0.153063460000
1.000000000000 1024.000000000000 128.000000000000 1000000000.000000000000
16.000000000000 256.000000000000 512.000000000000 1000000000.000000000000
256.000000000000 4.000000000000 4.000000000000 0.086128340000
2.000000000000 4.000000000000 64.000000000000 0.072001220000
8.000000000000 2.000000000000 4.000000000000 0.058087700000
32.000000000000 2.000000000000 1024.000000000000 0.110493500000
1024.000000000000 128.000000000000 2.000000000000 0.111618320000
64.000000000000 4.000000000000 1024.000000000000 0.056241260000
2.000000000000 1.000000000000 256.000000000000 0.250123060000
8.000000000000 4.000000000000 64.000000000000 0.051698280000
1.000000000000 1.000000000000 64.000000000000 0.182146560000
1024.000000000000 8.000000000000 128.000000000000 0.160533580000
2.000000000000 1024.000000000000 8.000000000000 0.034190580000
1024.000000000000 4.000000000000 2.000000000000 0.386317580000
32.000000000000 4.000000000000 1.000000000000 0.069209280000
512.000000000000 64.000000000000 1024.000000000000 1000000000.000000000000
512.000000000000 1024.000000000000 2.000000000000 0.081608780000
16.000000000000 1.000000000000 16.000000000000 0.133179100000
128.000000000000 2.000000000000 64.000000000000 0.144927520000
4.000000000000 2.000000000000 8.000000000000 0.057733940000
16.000000000000 4.000000000000 256.000000000000 0.049560480000
128.000000000000 256.000000000000 1.000000000000 0.046829640000
2.000000000000 4.000000000000 512.000000000000 0.071366820000
16.000000000000 1024.000000000000 512.000000000000 1000000000.000000000000
128.000000000000 4.000000000000 32.000000000000 0.074280000000
1024.000000000000 1.000000000000 16.000000000000 1000000000.000000000000
1024.000000000000 512.000000000000 4.000000000000 0.120979680000
256.000000000000 4.000000000000 64.000000000000 0.075812940000
512.000000000000 16.000000000000 256.000000000000 0.044142240000
128.000000000000 256.000000000000 256.000000000000 0.042778980000
128.000000000000 2.000000000000 8.000000000000 0.137190940000
1024.000000000000 8.000000000000 2.000000000000 0.192664060000
256.000000000000 512.000000000000 2.000000000000 0.040493720000
1.000000000000 2.000000000000 16.000000000000 0.091163780000
128.000000000000 1024.000000000000 512.000000000000 1000000000.000000000000
32.000000000000 1024.000000000000 1024.000000000000 1000000000.000000000000
1024.000000000000 32.000000000000 1.000000000000 0.176826640000
1.000000000000 1.000000000000 2.000000000000 0.180996640000
32.000000000000 4.000000000000 4.000000000000 0.044375960000
1.000000000000 4.000000000000 16.000000000000 0.046345760000
1024.000000000000 64.000000000000 32.000000000000 0.055329540000
256.000000000000 1024.000000000000 16.000000000000 0.039969400000
1.000000000000 2.000000000000 128.000000000000 0.094637380000
2.000000000000 4.000000000000 128.000000000000 0.077620060000
256.000000000000 8.000000000000 4.000000000000 0.043698300000
16.000000000000 1024.000000000000 16.000000000000 0.032965440000
128.000000000000 8.000000000000 512.000000000000 0.041483340000
512.000000000000 128.000000000000 4.000000000000 0.043245120000
512.000000000000 1.000000000000 4.000000000000 0.508009580000
1.000000000000 4.000000000000 512.000000000000 0.047849940000
64.000000000000 32.000000000000 1024.000000000000 1000000000.000000000000
8.000000000000 1024.000000000000 256.000000000000 1000000000.000000000000
8.000000000000 256.000000000000 1024.000000000000 1000000000.000000000000
8.000000000000 4.000000000000 256.000000000000 0.052628480000
1.000000000000 256.000000000000 1024.000000000000 1000000000.000000000000
64.000000000000 64.000000000000 1024.000000000000 1000000000.000000000000
32.000000000000 64.000000000000 1024.000000000000 1000000000.000000000000
1024.000000000000 2.000000000000 512.000000000000 0.602821500000
256.000000000000 128.000000000000 1.000000000000 0.046750660000
512.000000000000 1.000000000000 8.000000000000 0.440219620000
16.000000000000 2.000000000000 128.000000000000 0.098570760000
1024.000000000000 1024.000000000000 64.000000000000 1000000000.000000000000
1024.000000000000 1024.000000000000 1.000000000000 0.179752160000
128.000000000000 512.000000000000 128.000000000000 0.050980800000
1024.000000000000 16.000000000000 16.000000000000 0.078472400000
8.000000000000 1024.000000000000 32.000000000000 0.044046860000
128.000000000000 512.000000000000 1024.000000000000 1000000000.000000000000
1.000000000000 2.000000000000 64.000000000000 0.091492680000
256.000000000000 1.000000000000 1.000000000000 0.529998960000
512.000000000000 2.000000000000 32.000000000000 0.314896980000
32.000000000000 128.000000000000 1024.000000000000 1000000000.000000000000
1024.000000000000 512.000000000000 64.000000000000 0.119941580000
512.000000000000 2.000000000000 4.000000000000 0.285564700000
512.000000000000 8.000000000000 8.000000000000 0.071134940000
64.000000000000 1.000000000000 128.000000000000 0.211006120000
128.000000000000 1024.000000000000 32.000000000000 0.044206260000
256.000000000000 4.000000000000 1024.000000000000 0.078128700000
1024.000000000000 16.000000000000 256.000000000000 0.083863980000
1.000000000000 2.000000000000 1.000000000000 0.090318140000
512.000000000000 1024.000000000000 128.000000000000 1000000000.000000000000
8.000000000000 1.000000000000 16.000000000000 0.142554740000
32.000000000000 4.000000000000 2.000000000000 0.052780500000
1024.000000000000 4.000000000000 16.000000000000 0.221724860000
8.000000000000 4.000000000000 128.000000000000 0.055160760000
2.000000000000 1024.000000000000 512.000000000000 1000000000.000000000000
64.000000000000 1024.000000000000 32.000000000000 0.036619680000
512.000000000000 128.000000000000 1024.000000000000 1000000000.000000000000
4.000000000000 256.000000000000 256.000000000000 0.045216000000
32.000000000000 256.000000000000 512.000000000000 1000000000.000000000000
64.000000000000 2.000000000000 8.000000000000 0.099009560000
8.000000000000 512.000000000000 1024.000000000000 1000000000.000000000000
128.000000000000 2.000000000000 1.000000000000 0.297928560000
2.000000000000 4.000000000000 1024.000000000000 0.063300660000
16.000000000000 4.000000000000 512.000000000000 0.050644620000
256.000000000000 1024.000000000000 2.000000000000 0.049681340000
1024.000000000000 1.000000000000 2.000000000000 1000000000.000000000000
256.000000000000 2.000000000000 2.000000000000 0.190941800000
512.000000000000 256.000000000000 64.000000000000 0.046142720000
1024.000000000000 1024.000000000000 1024.000000000000 1000000000.000000000000
512.000000000000 4.000000000000 256.000000000000 0.165316980000
1024.000000000000 2.000000000000 2.000000000000 1000000000.000000000000
16.000000000000 1.000000000000 8.000000000000 0.116194840000
64.000000000000 1024.000000000000 128.000000000000 1000000000.000000000000
512.000000000000 64.000000000000 2.000000000000 0.048166120000
512.000000000000 4.000000000000 128.000000000000 0.161777060000
8.000000000000 512.000000000000 512.000000000000 1000000000.000000000000
512.000000000000 64.000000000000 512.000000000000 0.039467740000
1024.000000000000 8.000000000000 16.000000000000 0.114424700000
256.000000000000 2.000000000000 512.000000000000 0.156082900000
512.000000000000 512.000000000000 1.000000000000 0.104345240000
512.000000000000 1.000000000000 32.000000000000 0.560931160000
1024.000000000000 1.000000000000 32.000000000000 1000000000.000000000000
1.000000000000 512.000000000000 256.000000000000 1000000000.000000000000
1024.000000000000 1.000000000000 8.000000000000 1000000000.000000000000
1024.000000000000 1.000000000000 4.000000000000 1000000000.000000000000
32.000000000000 4.000000000000 256.000000000000 0.055903580000
512.000000000000 256.000000000000 512.000000000000 1000000000.000000000000
64.000000000000 4.000000000000 8.000000000000 0.051349560000
2.000000000000 1.000000000000 4.000000000000 0.107114000000
512.000000000000 4.000000000000 1024.000000000000 1000000000.000000000000
256.000000000000 1.000000000000 512.000000000000 0.300224500000
1.000000000000 1.000000000000 1.000000000000 0.180351080000
2.000000000000 128.000000000000 1024.000000000000 1000000000.000000000000
1.000000000000 4.000000000000 128.000000000000 0.046976400000
16.000000000000 4.000000000000 128.000000000000 0.050453520000
1024.000000000000 1024.000000000000 512.000000000000 1000000000.000000000000
256.000000000000 64.000000000000 1024.000000000000 1000000000.000000000000
1.000000000000 2.000000000000 512.000000000000 0.099396500000
1024.000000000000 128.000000000000 1.000000000000 0.204311540000
1024.000000000000 32.000000000000 4.000000000000 0.074938020000
1.000000000000 1.000000000000 4.000000000000 0.180840060000
32.000000000000 1.000000000000 64.000000000000 0.201286320000
1024.000000000000 16.000000000000 1.000000000000 0.193051280000
1.000000000000 4.000000000000 1024.000000000000 1000000000.000000000000
1024.000000000000 256.000000000000 32.000000000000 0.107963640000
2.000000000000 1.000000000000 1024.000000000000 1000000000.000000000000
64.000000000000 1.000000000000 512.000000000000 0.217670580000
4.000000000000 8.000000000000 1024.000000000000 1000000000.000000000000
4.000000000000 1.000000000000 256.000000000000 0.215063440000
32.000000000000 1024.000000000000 16.000000000000 0.035461320000
16.000000000000 16.000000000000 1024.000000000000 0.022184400000
2.000000000000 2.000000000000 64.000000000000 0.138394520000
256.000000000000 2.000000000000 1024.000000000000 0.154605680000
512.000000000000 4.000000000000 32.000000000000 0.155705520000
512.000000000000 64.000000000000 1.000000000000 0.067895720000
1024.000000000000 8.000000000000 1.000000000000 0.321303320000
4.000000000000 2.000000000000 128.000000000000 0.117697820000
512.000000000000 1024.000000000000 1.000000000000 0.108760960000
32.000000000000 4.000000000000 1024.000000000000 0.055430060000
2.000000000000 1.000000000000 16.000000000000 0.121915120000
128.000000000000 512.000000000000 64.000000000000 0.041934520000
128.000000000000 2.000000000000 4.000000000000 0.161192440000
1024.000000000000 256.000000000000 16.000000000000 0.088106500000
64.000000000000 4.000000000000 64.000000000000 0.053236320000
2.000000000000 256.000000000000 1024.000000000000 1000000000.000000000000
16.000000000000 2.000000000000 2.000000000000 0.077830720000
2.000000000000 2.000000000000 1024.000000000000 1000000000.000000000000
32.000000000000 1024.000000000000 32.000000000000 0.038188820000
1024.000000000000 8.000000000000 1024.000000000000 1000000000.000000000000
128.000000000000 2.000000000000 32.000000000000 0.146529560000
1024.000000000000 256.000000000000 128.000000000000 0.104135940000
4.000000000000 16.000000000000 1024.000000000000 1000000000.000000000000
1.000000000000 2.000000000000 1024.000000000000 1000000000.000000000000
128.000000000000 2.000000000000 2.000000000000 0.186203480000
4.000000000000 4.000000000000 512.000000000000 0.058768580000
256.000000000000 8.000000000000 2.000000000000 0.051496440000
1024.000000000000 256.000000000000 8.000000000000 0.092082540000
128.000000000000 4.000000000000 4.000000000000 0.078542260000
128.000000000000 1024.000000000000 1.000000000000 0.055656280000
16.000000000000 512.000000000000 256.000000000000 1000000000.000000000000
8.000000000000 2.000000000000 8.000000000000 0.061157720000
128.000000000000 4.000000000000 1024.000000000000 0.079295320000
512.000000000000 512.000000000000 1024.000000000000 1000000000.000000000000
1.000000000000 1024.000000000000 512.000000000000 1000000000.000000000000
1024.000000000000 16.000000000000 64.000000000000 0.080424220000
16.000000000000 2.000000000000 1.000000000000 0.069989700000
64.000000000000 2.000000000000 64.000000000000 0.105158520000
4.000000000000 1.000000000000 128.000000000000 0.227278140000
16.000000000000 1.000000000000 512.000000000000 0.197842160000
256.000000000000 1.000000000000 8.000000000000 0.265654840000
8.000000000000 1.000000000000 128.000000000000 0.209971360000
1.000000000000 1.000000000000 128.000000000000 0.185814600000
4.000000000000 2.000000000000 64.000000000000 0.112208140000
4.000000000000 1.000000000000 32.000000000000 0.189264580000
1024.000000000000 32.000000000000 32.000000000000 0.061879120000
4.000000000000 4.000000000000 128.000000000000 0.060896540000
1024.000000000000 64.000000000000 512.000000000000 0.072838780000
4.000000000000 4.000000000000 32.000000000000 0.053661100000
1.000000000000 1.000000000000 1024.000000000000 1000000000.000000000000
16.000000000000 1024.000000000000 64.000000000000 1000000000.000000000000
512.000000000000 4.000000000000 1.000000000000 0.292654280000
512.000000000000 512.000000000000 4.000000000000 0.055817100000
128.000000000000 1.000000000000 64.000000000000 0.279199480000
32.000000000000 4.000000000000 64.000000000000 0.053002300000
512.000000000000 2.000000000000 64.000000000000 0.309610420000
64.000000000000 4.000000000000 2.000000000000 0.072908360000
1024.000000000000 128.000000000000 4.000000000000 0.076393420000
256.000000000000 1024.000000000000 32.000000000000 0.041470840000
1024.000000000000 32.000000000000 512.000000000000 0.076939760000
512.000000000000 1.000000000000 64.000000000000 0.536083440000
1.000000000000 1.000000000000 256.000000000000 0.184042020000
1024.000000000000 2.000000000000 4.000000000000 0.476125120000
512.000000000000 32.000000000000 1024.000000000000 1000000000.000000000000
256.000000000000 4.000000000000 1.000000000000 0.147439640000
8.000000000000 2.000000000000 1024.000000000000 0.103714880000
1.000000000000 2.000000000000 32.000000000000 0.092118740000
256.000000000000 4.000000000000 256.000000000000 0.079210200000
128.000000000000 4.000000000000 1.000000000000 0.152680500000
32.000000000000 1.000000000000 128.000000000000 0.214198020000
64.000000000000 128.000000000000 1024.000000000000 1000000000.000000000000
1.000000000000 1.000000000000 32.000000000000 0.182464240000
64.000000000000 2.000000000000 128.000000000000 0.108444840000
16.000000000000 4.000000000000 1024.000000000000 1000000000.000000000000
1024.000000000000 4.000000000000 1.000000000000 0.602794020000
256.000000000000 2.000000000000 256.000000000000 0.154182920000
1024.000000000000 128.000000000000 64.000000000000 0.057292980000
32.000000000000 1024.000000000000 128.000000000000 1000000000.000000000000
512.000000000000 1024.000000000000 32.000000000000 0.070975140000
32.000000000000 16.000000000000 1024.000000000000 1000000000.000000000000
8.000000000000 4.000000000000 32.000000000000 0.045656580000
2.000000000000 2.000000000000 32.000000000000 0.119173400000
1.000000000000 4.000000000000 256.000000000000 0.047221240000
512.000000000000 8.000000000000 1024.000000000000 1000000000.000000000000
