8.000000000000 64.000000000000 28.000000000000 0.000027620000
112.000000000000 64.000000000000 1.000000000000 0.000161180000
32.000000000000 16.000000000000 8.000000000000 0.000031140000
8.000000000000 8.000000000000 224.000000000000 0.000081840000
112.000000000000 1.000000000000 16.000000000000 0.001769100000
112.000000000000 4.000000000000 2.000000000000 0.000146520000
28.000000000000 16.000000000000 1.000000000000 0.000037160000
4.000000000000 32.000000000000 1.000000000000 0.000030500000
14.000000000000 2.000000000000 2.000000000000 0.000303100000
7.000000000000 16.000000000000 28.000000000000 0.000047020000
4.000000000000 32.000000000000 2.000000000000 0.000026420000
8.000000000000 1.000000000000 8.000000000000 0.000422420000
224.000000000000 2.000000000000 56.000000000000 0.001119400000
2.000000000000 64.000000000000 56.000000000000 0.000059000000
2.000000000000 1.000000000000 112.000000000000 0.000800140000
56.000000000000 1.000000000000 1.000000000000 0.000735320000
32.000000000000 2.000000000000 28.000000000000 0.000599080000
28.000000000000 32.000000000000 28.000000000000 0.000034220000
32.000000000000 1.000000000000 32.000000000000 0.001262980000
224.000000000000 32.000000000000 56.000000000000 0.000100480000
56.000000000000 64.000000000000 1.000000000000 0.000031840000
56.000000000000 8.000000000000 14.000000000000 0.000140720000
28.000000000000 32.000000000000 7.000000000000 0.000043320000
16.000000000000 1.000000000000 2.000000000000 0.000332700000
32.000000000000 1.000000000000 4.000000000000 0.000761320000
32.000000000000 16.000000000000 7.000000000000 0.000053200000
1.000000000000 16.000000000000 28.000000000000 0.000057560000
16.000000000000 2.000000000000 32.000000000000 0.000327140000
8.000000000000 4.000000000000 7.000000000000 0.000101100000
8.000000000000 32.000000000000 4.000000000000 0.000052000000
2.000000000000 32.000000000000 14.000000000000 0.000027940000
4.000000000000 32.000000000000 32.000000000000 0.000063580000
1.000000000000 16.000000000000 2.000000000000 0.000058320000
224.000000000000 2.000000000000 7.000000000000 0.000627500000
1.000000000000 1.000000000000 16.000000000000 0.000551660000
28.000000000000 16.000000000000 14.000000000000 0.000074380000
224.000000000000 1.000000000000 28.000000000000 0.001904580000
32.000000000000 32.000000000000 4.000000000000 0.000029520000
7.000000000000 8.000000000000 56.000000000000 0.000071300000
16.000000000000 32.000000000000 112.000000000000 0.000036080000
16.000000000000 64.000000000000 112.000000000000 0.000070820000
16.000000000000 16.000000000000 4.000000000000 0.000042120000
7.000000000000 64.000000000000 32.000000000000 0.000038140000
14.000000000000 64.000000000000 1.000000000000 0.000040480000
1.000000000000 32.000000000000 56.000000000000 0.000044680000
2.000000000000 64.000000000000 8.000000000000 0.000032780000
4.000000000000 32.000000000000 28.000000000000 0.000033100000
14.000000000000 4.000000000000 224.000000000000 0.000145540000
16.000000000000 64.000000000000 1.000000000000 0.000043700000
112.000000000000 16.000000000000 8.000000000000 0.000049120000
8.000000000000 16.000000000000 32.000000000000 0.000038700000
7.000000000000 16.000000000000 32.000000000000 0.000069200000
7.000000000000 64.000000000000 224.000000000000 0.000289600000
224.000000000000 32.000000000000 1.000000000000 0.000168660000
14.000000000000 4.000000000000 7.000000000000 0.000055460000
7.000000000000 2.000000000000 28.000000000000 0.000204880000
224.000000000000 4.000000000000 7.000000000000 0.000245680000
8.000000000000 32.000000000000 7.000000000000 0.000027900000
28.000000000000 16.000000000000 28.000000000000 0.000116120000
112.000000000000 32.000000000000 7.000000000000 0.000051120000
28.000000000000 16.000000000000 7.000000000000 0.000026220000
2.000000000000 8.000000000000 1.000000000000 0.000057300000
14.000000000000 8.000000000000 28.000000000000 0.000052960000
56.000000000000 8.000000000000 2.000000000000 0.000040700000
224.000000000000 64.000000000000 224.000000000000 0.000117060000
8.000000000000 2.000000000000 4.000000000000 0.000187320000
2.000000000000 1.000000000000 4.000000000000 0.000326060000
224.000000000000 8.000000000000 28.000000000000 0.000409540000
14.000000000000 32.000000000000 28.000000000000 0.000029240000
1.000000000000 32.000000000000 2.000000000000 0.000037000000
224.000000000000 4.000000000000 224.000000000000 0.000894100000
7.000000000000 4.000000000000 32.000000000000 0.000215440000
14.000000000000 32.000000000000 7.000000000000 0.000024680000
14.000000000000 32.000000000000 8.000000000000 0.000024220000
8.000000000000 64.000000000000 8.000000000000 0.000024980000
14.000000000000 32.000000000000 4.000000000000 0.000021240000
8.000000000000 64.000000000000 7.000000000000 0.000026900000
16.000000000000 32.000000000000 7.000000000000 0.000038020000
8.000000000000 32.000000000000 8.000000000000 0.000041960000
14.000000000000 64.000000000000 4.000000000000 0.000025300000
16.000000000000 32.000000000000 4.000000000000 0.000023040000
8.000000000000 32.000000000000 16.000000000000 0.000052140000
4.000000000000 32.000000000000 16.000000000000 0.000047040000
14.000000000000 64.000000000000 2.000000000000 0.000038100000
16.000000000000 32.000000000000 8.000000000000 0.000027900000
8.000000000000 32.000000000000 14.000000000000 0.000049440000
16.000000000000 32.000000000000 28.000000000000 0.000032700000
14.000000000000 32.000000000000 1.000000000000 0.000033760000
4.000000000000 32.000000000000 14.000000000000 0.000032380000
32.000000000000 64.000000000000 2.000000000000 0.000037020000
7.000000000000 32.000000000000 14.000000000000 0.000031200000
16.000000000000 32.000000000000 2.000000000000 0.000037980000
2.000000000000 32.000000000000 8.000000000000 0.000031400000
28.000000000000 32.000000000000 2.000000000000 0.000060800000
8.000000000000 64.000000000000 32.000000000000 0.000026980000
2.000000000000 32.000000000000 7.000000000000 0.000027820000
8.000000000000 64.000000000000 4.000000000000 0.000035300000
14.000000000000 32.000000000000 2.000000000000 0.000067980000
56.000000000000 32.000000000000 2.000000000000 0.000026660000
28.000000000000 64.000000000000 2.000000000000 0.000032560000
2.000000000000 32.000000000000 2.000000000000 0.000035560000
8.000000000000 64.000000000000 2.000000000000 0.000033180000
4.000000000000 64.000000000000 8.000000000000 0.000035280000
7.000000000000 64.000000000000 8.000000000000 0.000026180000
14.000000000000 64.000000000000 8.000000000000 0.000046480000
7.000000000000 32.000000000000 8.000000000000 0.000026240000
7.000000000000 64.000000000000 7.000000000000 0.000028200000
14.000000000000 16.000000000000 8.000000000000 0.000042180000
14.000000000000 64.000000000000 14.000000000000 0.000043320000
8.000000000000 32.000000000000 28.000000000000 0.000031800000
8.000000000000 64.000000000000 14.000000000000 0.000027940000
32.000000000000 32.000000000000 2.000000000000 0.000028980000
2.000000000000 32.000000000000 16.000000000000 0.000025620000
7.000000000000 32.000000000000 16.000000000000 0.000031040000
14.000000000000 32.000000000000 16.000000000000 0.000053420000
2.000000000000 32.000000000000 28.000000000000 0.000059580000
28.000000000000 32.000000000000 4.000000000000 0.000027160000
8.000000000000 32.000000000000 56.000000000000 0.000032620000
4.000000000000 32.000000000000 8.000000000000 0.000027100000
2.000000000000 32.000000000000 4.000000000000 0.000027500000
16.000000000000 64.000000000000 2.000000000000 0.000057280000
7.000000000000 32.000000000000 7.000000000000 0.000026460000
4.000000000000 32.000000000000 7.000000000000 0.000026600000
7.000000000000 32.000000000000 2.000000000000 0.000029900000
14.000000000000 32.000000000000 32.000000000000 0.000031680000
14.000000000000 16.000000000000 14.000000000000 0.000028800000
4.000000000000 64.000000000000 14.000000000000 0.000050320000
14.000000000000 32.000000000000 56.000000000000 0.000032160000
14.000000000000 64.000000000000 7.000000000000 0.000026440000
14.000000000000 16.000000000000 7.000000000000 0.000045900000
8.000000000000 32.000000000000 1.000000000000 0.000034340000
8.000000000000 32.000000000000 2.000000000000 0.000051860000
1.000000000000 32.000000000000 8.000000000000 0.000042900000
7.000000000000 32.000000000000 1.000000000000 0.000057380000
2.000000000000 64.000000000000 4.000000000000 0.000026820000
4.000000000000 32.000000000000 4.000000000000 0.000026600000
7.000000000000 64.000000000000 4.000000000000 0.000035220000
7.000000000000 32.000000000000 4.000000000000 0.000030940000
2.000000000000 64.000000000000 7.000000000000 0.000044620000
16.000000000000 64.000000000000 4.000000000000 0.000027580000
1.000000000000 32.000000000000 16.000000000000 0.000043580000
1.000000000000 32.000000000000 14.000000000000 0.000042460000
1.000000000000 32.000000000000 7.000000000000 0.000046760000
1.000000000000 64.000000000000 8.000000000000 0.000041200000
56.000000000000 32.000000000000 1.000000000000 0.000034200000
56.000000000000 32.000000000000 8.000000000000 0.000027280000
7.000000000000 32.000000000000 56.000000000000 0.000033700000
4.000000000000 64.000000000000 4.000000000000 0.000034460000
8.000000000000 64.000000000000 56.000000000000 0.000029520000
1.000000000000 64.000000000000 4.000000000000 0.000038320000
7.000000000000 64.000000000000 2.000000000000 0.000034680000
56.000000000000 16.000000000000 2.000000000000 0.000073220000
2.000000000000 32.000000000000 1.000000000000 0.000033660000
1.000000000000 32.000000000000 4.000000000000 0.000037260000
56.000000000000 32.000000000000 7.000000000000 0.000058300000
16.000000000000 32.000000000000 56.000000000000 0.000034200000
8.000000000000 16.000000000000 1.000000000000 0.000039760000
4.000000000000 64.000000000000 7.000000000000 0.000033780000
8.000000000000 64.000000000000 112.000000000000 0.000081280000
2.000000000000 16.000000000000 16.000000000000 0.000035780000
2.000000000000 64.000000000000 2.000000000000 0.000035440000
2.000000000000 64.000000000000 14.000000000000 0.000028680000
32.000000000000 16.000000000000 4.000000000000 0.000076940000
56.000000000000 32.000000000000 56.000000000000 0.000035460000
14.000000000000 64.000000000000 32.000000000000 0.000025620000
56.000000000000 16.000000000000 1.000000000000 0.000082880000
2.000000000000 16.000000000000 14.000000000000 0.000040960000
1.000000000000 32.000000000000 28.000000000000 0.000040020000
7.000000000000 64.000000000000 28.000000000000 0.000050000000
7.000000000000 16.000000000000 1.000000000000 0.000025440000
7.000000000000 32.000000000000 28.000000000000 0.000032500000
56.000000000000 32.000000000000 4.000000000000 0.000025220000
56.000000000000 32.000000000000 112.000000000000 0.000036560000
14.000000000000 16.000000000000 1.000000000000 0.000065160000
7.000000000000 64.000000000000 14.000000000000 0.000028560000
32.000000000000 32.000000000000 56.000000000000 0.000041540000
32.000000000000 32.000000000000 32.000000000000 0.000038140000
7.000000000000 64.000000000000 1.000000000000 0.000039480000
8.000000000000 64.000000000000 1.000000000000 0.000072260000
32.000000000000 32.000000000000 28.000000000000 0.000038660000
16.000000000000 32.000000000000 16.000000000000 0.000030820000
4.000000000000 16.000000000000 8.000000000000 0.000034880000
16.000000000000 32.000000000000 32.000000000000 0.000065300000
16.000000000000 32.000000000000 1.000000000000 0.000039780000
56.000000000000 16.000000000000 4.000000000000 0.000049340000
1.000000000000 64.000000000000 7.000000000000 0.000040940000
56.000000000000 32.000000000000 28.000000000000 0.000034560000
32.000000000000 32.000000000000 8.000000000000 0.000033760000
1.000000000000 64.000000000000 14.000000000000 0.000045620000
8.000000000000 32.000000000000 32.000000000000 0.000034620000
16.000000000000 16.000000000000 1.000000000000 0.000035420000
4.000000000000 64.000000000000 2.000000000000 0.000065640000
14.000000000000 64.000000000000 28.000000000000 0.000047800000
16.000000000000 64.000000000000 28.000000000000 0.000028600000
16.000000000000 64.000000000000 32.000000000000 0.000055760000
14.000000000000 64.000000000000 16.000000000000 0.000025420000
56.000000000000 64.000000000000 8.000000000000 0.000055240000
28.000000000000 64.000000000000 8.000000000000 0.000029880000
14.000000000000 32.000000000000 14.000000000000 0.000027220000
16.000000000000 64.000000000000 16.000000000000 0.000027820000
28.000000000000 64.000000000000 16.000000000000 0.000030280000
7.000000000000 32.000000000000 32.000000000000 0.000061380000
28.000000000000 16.000000000000 8.000000000000 0.000049640000
2.000000000000 64.000000000000 16.000000000000 0.000028240000
28.000000000000 64.000000000000 14.000000000000 0.000065860000
16.000000000000 64.000000000000 14.000000000000 0.000051240000
112.000000000000 32.000000000000 4.000000000000 0.000045100000
32.000000000000 64.000000000000 8.000000000000 0.000032000000
56.000000000000 64.000000000000 4.000000000000 0.000058500000
4.000000000000 32.000000000000 56.000000000000 0.000033780000
4.000000000000 16.000000000000 7.000000000000 0.000024500000
28.000000000000 32.000000000000 8.000000000000 0.000054820000
14.000000000000 32.000000000000 112.000000000000 0.000032880000
28.000000000000 64.000000000000 32.000000000000 0.000030240000
2.000000000000 16.000000000000 1.000000000000 0.000033700000
56.000000000000 32.000000000000 16.000000000000 0.000032400000
56.000000000000 32.000000000000 32.000000000000 0.000034760000
32.000000000000 64.000000000000 14.000000000000 0.000033440000
14.000000000000 16.000000000000 16.000000000000 0.000045760000
2.000000000000 64.000000000000 28.000000000000 0.000047360000
28.000000000000 32.000000000000 112.000000000000 0.000040440000
2.000000000000 32.000000000000 56.000000000000 0.000065220000
28.000000000000 32.000000000000 56.000000000000 0.000073000000
56.000000000000 32.000000000000 14.000000000000 0.000032000000
16.000000000000 32.000000000000 14.000000000000 0.000029800000
14.000000000000 16.000000000000 2.000000000000 0.000028900000
32.000000000000 32.000000000000 1.000000000000 0.000083120000
14.000000000000 64.000000000000 56.000000000000 0.000028080000
16.000000000000 16.000000000000 8.000000000000 0.000025340000
8.000000000000 64.000000000000 16.000000000000 0.000027180000
28.000000000000 32.000000000000 16.000000000000 0.000033680000
7.000000000000 64.000000000000 56.000000000000 0.000068160000
4.000000000000 16.000000000000 4.000000000000 0.000029480000
28.000000000000 32.000000000000 32.000000000000 0.000034820000
56.000000000000 64.000000000000 7.000000000000 0.000038380000
32.000000000000 32.000000000000 112.000000000000 0.000041360000
7.000000000000 16.000000000000 4.000000000000 0.000055780000
2.000000000000 16.000000000000 8.000000000000 0.000039460000
7.000000000000 16.000000000000 7.000000000000 0.000025600000
2.000000000000 64.000000000000 1.000000000000 0.000025600000
16.000000000000 64.000000000000 56.000000000000 0.000074700000
112.000000000000 32.000000000000 8.000000000000 0.000049000000
4.000000000000 16.000000000000 1.000000000000 0.000026600000
14.000000000000 16.000000000000 28.000000000000 0.000037860000
32.000000000000 64.000000000000 16.000000000000 0.000061180000
32.000000000000 32.000000000000 14.000000000000 0.000070640000
28.000000000000 64.000000000000 28.000000000000 0.000030880000
4.000000000000 16.000000000000 2.000000000000 0.000025440000
4.000000000000 16.000000000000 14.000000000000 0.000051020000
8.000000000000 16.000000000000 2.000000000000 0.000024020000
8.000000000000 16.000000000000 28.000000000000 0.000037360000
32.000000000000 32.000000000000 7.000000000000 0.000033780000
4.000000000000 64.000000000000 1.000000000000 0.000041600000
1.000000000000 16.000000000000 14.000000000000 0.000056680000
112.000000000000 64.000000000000 7.000000000000 0.000058300000
56.000000000000 1.000000000000 56.000000000000 0.000914420000
112.000000000000 16.000000000000 4.000000000000 0.000130680000
1.000000000000 8.000000000000 7.000000000000 0.000076660000
2.000000000000 8.000000000000 7.000000000000 0.000045860000
56.000000000000 4.000000000000 224.000000000000 0.000300880000
112.000000000000 2.000000000000 4.000000000000 0.000760040000
14.000000000000 2.000000000000 56.000000000000 0.000259260000
224.000000000000 4.000000000000 32.000000000000 0.000512980000
8.000000000000 1.000000000000 32.000000000000 0.000713340000
7.000000000000 16.000000000000 2.000000000000 0.000047360000
28.000000000000 64.000000000000 4.000000000000 0.000056440000
32.000000000000 64.000000000000 4.000000000000 0.000062820000
2.000000000000 16.000000000000 2.000000000000 0.000043080000
8.000000000000 16.000000000000 7.000000000000 0.000046020000
7.000000000000 64.000000000000 16.000000000000 0.000052220000
16.000000000000 64.000000000000 7.000000000000 0.000055720000
4.000000000000 64.000000000000 16.000000000000 0.000035180000
2.000000000000 16.000000000000 7.000000000000 0.000032740000
28.000000000000 64.000000000000 7.000000000000 0.000032640000
8.000000000000 16.000000000000 8.000000000000 0.000026920000
16.000000000000 64.000000000000 8.000000000000 0.000028540000
7.000000000000 16.000000000000 8.000000000000 0.000049260000
8.000000000000 32.000000000000 112.000000000000 0.000039080000
2.000000000000 16.000000000000 4.000000000000 0.000034200000
8.000000000000 16.000000000000 4.000000000000 0.000043020000
16.000000000000 16.000000000000 7.000000000000 0.000025220000
1.000000000000 64.000000000000 2.000000000000 0.000029180000
32.000000000000 64.000000000000 7.000000000000 0.000043100000
16.000000000000 16.000000000000 16.000000000000 0.000034280000
32.000000000000 64.000000000000 28.000000000000 0.000034300000
7.000000000000 32.000000000000 112.000000000000 0.000036500000
14.000000000000 16.000000000000 4.000000000000 0.000050820000
1.000000000000 64.000000000000 1.000000000000 0.000042000000
4.000000000000 16.000000000000 16.000000000000 0.000038160000
28.000000000000 32.000000000000 14.000000000000 0.000032940000
2.000000000000 32.000000000000 32.000000000000 0.000041920000
56.000000000000 64.000000000000 2.000000000000 0.000032580000
7.000000000000 16.000000000000 14.000000000000 0.000031180000
1.000000000000 32.000000000000 1.000000000000 0.000048580000
4.000000000000 64.000000000000 28.000000000000 0.000034600000
8.000000000000 16.000000000000 16.000000000000 0.000032000000
32.000000000000 64.000000000000 1.000000000000 0.000036960000
8.000000000000 16.000000000000 14.000000000000 0.000041520000
7.000000000000 16.000000000000 16.000000000000 0.000034600000
16.000000000000 16.000000000000 2.000000000000 0.000031680000
4.000000000000 64.000000000000 32.000000000000 0.000056280000
2.000000000000 16.000000000000 28.000000000000 0.000053740000
7.000000000000 16.000000000000 112.000000000000 0.000048480000
56.000000000000 16.000000000000 7.000000000000 0.000046740000
7.000000000000 8.000000000000 2.000000000000 0.000035640000
4.000000000000 16.000000000000 28.000000000000 0.000057920000
1.000000000000 64.000000000000 16.000000000000 0.000044440000
8.000000000000 16.000000000000 112.000000000000 0.000055580000
16.000000000000 16.000000000000 14.000000000000 0.000032240000
32.000000000000 32.000000000000 16.000000000000 0.000037660000
32.000000000000 64.000000000000 32.000000000000 0.000033380000
112.000000000000 32.000000000000 1.000000000000 0.000063400000
7.000000000000 64.000000000000 112.000000000000 0.000054580000
14.000000000000 16.000000000000 112.000000000000 0.000047680000
2.000000000000 64.000000000000 32.000000000000 0.000031440000
28.000000000000 64.000000000000 56.000000000000 0.000059800000
56.000000000000 64.000000000000 16.000000000000 0.000069400000
28.000000000000 16.000000000000 4.000000000000 0.000028560000
14.000000000000 16.000000000000 56.000000000000 0.000041740000
16.000000000000 1.000000000000 14.000000000000 0.000315080000
56.000000000000 1.000000000000 224.000000000000 0.001243420000
32.000000000000 2.000000000000 8.000000000000 0.000370840000
7.000000000000 16.000000000000 224.000000000000 0.000056760000
1.000000000000 4.000000000000 56.000000000000 0.000145420000
16.000000000000 8.000000000000 1.000000000000 0.000040520000
8.000000000000 8.000000000000 2.000000000000 0.000029120000
28.000000000000 64.000000000000 1.000000000000 0.000032720000
14.000000000000 8.000000000000 2.000000000000 0.000047540000
4.000000000000 32.000000000000 112.000000000000 0.000035840000
4.000000000000 8.000000000000 2.000000000000 0.000054360000
56.000000000000 64.000000000000 32.000000000000 0.000030080000
4.000000000000 8.000000000000 4.000000000000 0.000050680000
16.000000000000 8.000000000000 2.000000000000 0.000091420000
14.000000000000 8.000000000000 1.000000000000 0.000062780000
56.000000000000 64.000000000000 28.000000000000 0.000041840000
56.000000000000 32.000000000000 224.000000000000 0.000070380000
1.000000000000 64.000000000000 28.000000000000 0.000054180000
56.000000000000 64.000000000000 56.000000000000 0.000066760000
2.000000000000 8.000000000000 4.000000000000 0.000047440000
8.000000000000 8.000000000000 1.000000000000 0.000031880000
32.000000000000 64.000000000000 56.000000000000 0.000070100000
16.000000000000 16.000000000000 112.000000000000 0.000050840000
8.000000000000 16.000000000000 56.000000000000 0.000048700000
56.000000000000 64.000000000000 14.000000000000 0.000028880000
32.000000000000 16.000000000000 1.000000000000 0.000069800000
32.000000000000 4.000000000000 56.000000000000 0.000273140000
1.000000000000 32.000000000000 32.000000000000 0.000052800000
224.000000000000 8.000000000000 56.000000000000 0.000255080000
28.000000000000 4.000000000000 14.000000000000 0.000269020000
28.000000000000 1.000000000000 1.000000000000 0.000708900000
14.000000000000 1.000000000000 112.000000000000 0.000848280000
32.000000000000 4.000000000000 2.000000000000 0.000214820000
14.000000000000 4.000000000000 112.000000000000 0.000146140000
32.000000000000 32.000000000000 224.000000000000 0.000046680000
2.000000000000 2.000000000000 224.000000000000 0.000348400000
28.000000000000 8.000000000000 14.000000000000 0.000104180000
112.000000000000 2.000000000000 32.000000000000 0.001022860000
224.000000000000 1.000000000000 14.000000000000 0.001304040000
8.000000000000 2.000000000000 8.000000000000 0.000220660000
28.000000000000 1.000000000000 28.000000000000 0.000719220000
2.000000000000 4.000000000000 4.000000000000 0.000092340000
16.000000000000 2.000000000000 16.000000000000 0.000248920000
112.000000000000 2.000000000000 16.000000000000 0.000704300000
1.000000000000 4.000000000000 2.000000000000 0.000163680000
2.000000000000 4.000000000000 56.000000000000 0.000204120000
7.000000000000 2.000000000000 7.000000000000 0.000109060000
4.000000000000 8.000000000000 14.000000000000 0.000052960000
8.000000000000 1.000000000000 224.000000000000 0.000621360000
224.000000000000 1.000000000000 4.000000000000 0.001058920000
28.000000000000 1.000000000000 8.000000000000 0.000534960000
2.000000000000 4.000000000000 2.000000000000 0.000103420000
16.000000000000 2.000000000000 4.000000000000 0.000277580000
14.000000000000 1.000000000000 16.000000000000 0.000605620000
4.000000000000 4.000000000000 4.000000000000 0.000058720000
8.000000000000 1.000000000000 112.000000000000 0.000675620000
28.000000000000 4.000000000000 7.000000000000 0.000177820000
1.000000000000 8.000000000000 4.000000000000 0.000082480000
28.000000000000 8.000000000000 7.000000000000 0.000037040000
4.000000000000 1.000000000000 8.000000000000 0.000396560000
4.000000000000 8.000000000000 224.000000000000 0.000081600000
7.000000000000 2.000000000000 224.000000000000 0.000447340000
32.000000000000 16.000000000000 224.000000000000 0.000095300000
224.000000000000 8.000000000000 14.000000000000 0.000181280000
56.000000000000 16.000000000000 56.000000000000 0.000086000000
112.000000000000 32.000000000000 32.000000000000 0.000120380000
112.000000000000 64.000000000000 32.000000000000 0.000052440000
112.000000000000 32.000000000000 56.000000000000 0.000064200000
112.000000000000 32.000000000000 28.000000000000 0.000061680000
14.000000000000 16.000000000000 32.000000000000 0.000038340000
4.000000000000 8.000000000000 7.000000000000 0.000065180000
7.000000000000 8.000000000000 7.000000000000 0.000073560000
16.000000000000 16.000000000000 32.000000000000 0.000042720000
28.000000000000 16.000000000000 2.000000000000 0.000062520000
8.000000000000 8.000000000000 16.000000000000 0.000041080000
16.000000000000 16.000000000000 28.000000000000 0.000062320000
16.000000000000 8.000000000000 8.000000000000 0.000059840000
28.000000000000 16.000000000000 16.000000000000 0.000058820000
112.000000000000 32.000000000000 112.000000000000 0.000097480000
14.000000000000 8.000000000000 14.000000000000 0.000046960000
16.000000000000 8.000000000000 16.000000000000 0.000043960000
8.000000000000 8.000000000000 7.000000000000 0.000030300000
224.000000000000 32.000000000000 32.000000000000 0.000099540000
224.000000000000 64.000000000000 32.000000000000 0.000066460000
7.000000000000 8.000000000000 14.000000000000 0.000050540000
1.000000000000 16.000000000000 16.000000000000 0.000062940000
16.000000000000 16.000000000000 56.000000000000 0.000047260000
224.000000000000 32.000000000000 28.000000000000 0.000115260000
14.000000000000 8.000000000000 7.000000000000 0.000052720000
112.000000000000 64.000000000000 28.000000000000 0.000053160000
1.000000000000 32.000000000000 112.000000000000 0.000047800000
14.000000000000 8.000000000000 16.000000000000 0.000065500000
2.000000000000 32.000000000000 112.000000000000 0.000083020000
112.000000000000 32.000000000000 16.000000000000 0.000079840000
7.000000000000 8.000000000000 16.000000000000 0.000042600000
56.000000000000 16.000000000000 8.000000000000 0.000068240000
7.000000000000 8.000000000000 4.000000000000 0.000033560000
2.000000000000 8.000000000000 8.000000000000 0.000045360000
1.000000000000 16.000000000000 7.000000000000 0.000055760000
16.000000000000 8.000000000000 28.000000000000 0.000058040000
56.000000000000 2.000000000000 1.000000000000 0.000419640000
4.000000000000 64.000000000000 224.000000000000 0.000103940000
4.000000000000 1.000000000000 4.000000000000 0.000398080000
7.000000000000 1.000000000000 16.000000000000 0.000677400000
1.000000000000 2.000000000000 224.000000000000 0.000271260000
112.000000000000 4.000000000000 56.000000000000 0.000349220000
28.000000000000 4.000000000000 8.000000000000 0.000134440000
16.000000000000 2.000000000000 7.000000000000 0.000210620000
1.000000000000 4.000000000000 16.000000000000 0.000147140000
32.000000000000 64.000000000000 224.000000000000 0.000117860000
2.000000000000 8.000000000000 112.000000000000 0.000114720000
224.000000000000 32.000000000000 16.000000000000 0.000093960000
56.000000000000 4.000000000000 16.000000000000 0.000224120000
4.000000000000 2.000000000000 1.000000000000 0.000223160000
1.000000000000 1.000000000000 1.000000000000 0.000568960000
8.000000000000 4.000000000000 4.000000000000 0.000053060000
56.000000000000 8.000000000000 112.000000000000 0.000134660000
14.000000000000 4.000000000000 32.000000000000 0.000149000000
56.000000000000 16.000000000000 14.000000000000 0.000034940000
4.000000000000 2.000000000000 112.000000000000 0.000351440000
4.000000000000 1.000000000000 2.000000000000 0.000353960000
112.000000000000 4.000000000000 14.000000000000 0.000509860000
112.000000000000 64.000000000000 8.000000000000 0.000108700000
4.000000000000 8.000000000000 1.000000000000 0.000068460000
1.000000000000 8.000000000000 224.000000000000 0.000086620000
112.000000000000 16.000000000000 32.000000000000 0.000084680000
32.000000000000 16.000000000000 28.000000000000 0.000086960000
56.000000000000 1.000000000000 2.000000000000 0.000568400000
7.000000000000 4.000000000000 1.000000000000 0.000130240000
8.000000000000 1.000000000000 56.000000000000 0.000726260000
8.000000000000 4.000000000000 224.000000000000 0.000145040000
1.000000000000 8.000000000000 28.000000000000 0.000080580000
28.000000000000 2.000000000000 2.000000000000 0.000311700000
16.000000000000 2.000000000000 2.000000000000 0.000207640000
56.000000000000 8.000000000000 4.000000000000 0.000041140000
56.000000000000 4.000000000000 2.000000000000 0.000138880000
112.000000000000 4.000000000000 8.000000000000 0.000137740000
8.000000000000 8.000000000000 4.000000000000 0.000030020000
14.000000000000 8.000000000000 4.000000000000 0.000032480000
8.000000000000 8.000000000000 8.000000000000 0.000066920000
16.000000000000 8.000000000000 7.000000000000 0.000032920000
16.000000000000 32.000000000000 224.000000000000 0.000044340000
7.000000000000 8.000000000000 8.000000000000 0.000052120000
16.000000000000 8.000000000000 14.000000000000 0.000122880000
14.000000000000 8.000000000000 8.000000000000 0.000070520000
28.000000000000 32.000000000000 224.000000000000 0.000075320000
16.000000000000 8.000000000000 4.000000000000 0.000036360000
8.000000000000 8.000000000000 28.000000000000 0.000088320000
8.000000000000 8.000000000000 14.000000000000 0.000077240000
1.000000000000 64.000000000000 32.000000000000 0.000041560000
4.000000000000 64.000000000000 56.000000000000 0.000037380000
8.000000000000 8.000000000000 32.000000000000 0.000058740000
112.000000000000 32.000000000000 2.000000000000 0.000045740000
56.000000000000 8.000000000000 7.000000000000 0.000099360000
56.000000000000 16.000000000000 32.000000000000 0.000045140000
8.000000000000 16.000000000000 224.000000000000 0.000045260000
4.000000000000 8.000000000000 8.000000000000 0.000033600000
56.000000000000 16.000000000000 16.000000000000 0.000080980000
1.000000000000 16.000000000000 8.000000000000 0.000058920000
14.000000000000 16.000000000000 224.000000000000 0.000045860000
8.000000000000 32.000000000000 224.000000000000 0.000049020000
1.000000000000 4.000000000000 224.000000000000 0.000153240000
8.000000000000 4.000000000000 8.000000000000 0.000054600000
16.000000000000 1.000000000000 112.000000000000 0.000996260000
28.000000000000 1.000000000000 16.000000000000 0.000829580000
4.000000000000 1.000000000000 14.000000000000 0.000434720000
56.000000000000 4.000000000000 28.000000000000 0.000179840000
7.000000000000 4.000000000000 8.000000000000 0.000116960000
28.000000000000 8.000000000000 4.000000000000 0.000075340000
224.000000000000 4.000000000000 16.000000000000 0.000271000000
32.000000000000 4.000000000000 7.000000000000 0.000120140000
32.000000000000 8.000000000000 224.000000000000 0.000149380000
112.000000000000 64.000000000000 56.000000000000 0.000054360000
16.000000000000 8.000000000000 224.000000000000 0.000112000000
28.000000000000 1.000000000000 112.000000000000 0.001225240000
112.000000000000 64.000000000000 14.000000000000 0.000098400000
32.000000000000 4.000000000000 224.000000000000 0.000359960000
32.000000000000 1.000000000000 56.000000000000 0.001164360000
14.000000000000 1.000000000000 56.000000000000 0.000759720000
2.000000000000 8.000000000000 2.000000000000 0.000044940000
8.000000000000 4.000000000000 2.000000000000 0.000050280000
32.000000000000 2.000000000000 224.000000000000 0.000595300000
2.000000000000 1.000000000000 32.000000000000 0.000410580000
56.000000000000 4.000000000000 8.000000000000 0.000139660000
2.000000000000 4.000000000000 16.000000000000 0.000102560000
28.000000000000 2.000000000000 56.000000000000 0.000595620000
32.000000000000 4.000000000000 32.000000000000 0.000300660000
4.000000000000 4.000000000000 7.000000000000 0.000061560000
224.000000000000 64.000000000000 8.000000000000 0.000071820000
28.000000000000 8.000000000000 16.000000000000 0.000051560000
14.000000000000 8.000000000000 112.000000000000 0.000076040000
2.000000000000 1.000000000000 7.000000000000 0.000379540000
32.000000000000 2.000000000000 32.000000000000 0.000506980000
16.000000000000 2.000000000000 1.000000000000 0.000335600000
56.000000000000 4.000000000000 1.000000000000 0.000168440000
32.000000000000 8.000000000000 7.000000000000 0.000111280000
32.000000000000 8.000000000000 32.000000000000 0.000081380000
1.000000000000 64.000000000000 56.000000000000 0.000039100000
4.000000000000 16.000000000000 32.000000000000 0.000045680000
14.000000000000 32.000000000000 224.000000000000 0.000076220000
4.000000000000 16.000000000000 224.000000000000 0.000049660000
4.000000000000 32.000000000000 224.000000000000 0.000069000000
2.000000000000 16.000000000000 32.000000000000 0.000078980000
7.000000000000 8.000000000000 1.000000000000 0.000065020000
2.000000000000 32.000000000000 224.000000000000 0.000082720000
4.000000000000 64.000000000000 112.000000000000 0.000103560000
7.000000000000 32.000000000000 224.000000000000 0.000053420000
32.000000000000 64.000000000000 112.000000000000 0.000087240000
4.000000000000 8.000000000000 16.000000000000 0.000048000000
4.000000000000 16.000000000000 56.000000000000 0.000052060000
56.000000000000 64.000000000000 112.000000000000 0.000080120000
16.000000000000 16.000000000000 224.000000000000 0.000052400000
28.000000000000 64.000000000000 112.000000000000 0.000040020000
32.000000000000 16.000000000000 2.000000000000 0.000033940000
7.000000000000 16.000000000000 56.000000000000 0.000044520000
28.000000000000 8.000000000000 2.000000000000 0.000100600000
2.000000000000 16.000000000000 56.000000000000 0.000058960000
28.000000000000 32.000000000000 1.000000000000 0.000034720000
4.000000000000 16.000000000000 112.000000000000 0.000074200000
1.000000000000 16.000000000000 1.000000000000 0.000054920000
28.000000000000 16.000000000000 32.000000000000 0.000046680000
2.000000000000 64.000000000000 112.000000000000 0.000046280000
2.000000000000 8.000000000000 16.000000000000 0.000044240000
16.000000000000 4.000000000000 112.000000000000 0.000274560000
112.000000000000 8.000000000000 7.000000000000 0.000194040000
224.000000000000 2.000000000000 2.000000000000 0.000458440000
112.000000000000 8.000000000000 112.000000000000 0.000314100000
1.000000000000 2.000000000000 7.000000000000 0.000260980000
32.000000000000 2.000000000000 16.000000000000 0.000315740000
2.000000000000 8.000000000000 14.000000000000 0.000044960000
7.000000000000 1.000000000000 1.000000000000 0.000402420000
28.000000000000 8.000000000000 112.000000000000 0.000164160000
112.000000000000 16.000000000000 112.000000000000 0.000102480000
1.000000000000 2.000000000000 16.000000000000 0.000301160000
112.000000000000 32.000000000000 224.000000000000 0.000135000000
16.000000000000 8.000000000000 56.000000000000 0.000096760000
2.000000000000 1.000000000000 14.000000000000 0.000407760000
1.000000000000 4.000000000000 1.000000000000 0.000136600000
16.000000000000 8.000000000000 32.000000000000 0.000083580000
14.000000000000 1.000000000000 32.000000000000 0.000819780000
224.000000000000 64.000000000000 1.000000000000 0.000184920000
56.000000000000 2.000000000000 4.000000000000 0.000315560000
16.000000000000 2.000000000000 8.000000000000 0.000307340000
1.000000000000 8.000000000000 1.000000000000 0.000074820000
224.000000000000 2.000000000000 1.000000000000 0.000783520000
2.000000000000 2.000000000000 56.000000000000 0.000391520000
7.000000000000 4.000000000000 16.000000000000 0.000101240000
32.000000000000 16.000000000000 14.000000000000 1000000000.000000000000
112.000000000000 1.000000000000 1.000000000000 0.001549660000
7.000000000000 1.000000000000 8.000000000000 0.000227640000
1.000000000000 16.000000000000 32.000000000000 0.000064700000
4.000000000000 4.000000000000 28.000000000000 0.000184120000
8.000000000000 1.000000000000 4.000000000000 0.000419420000
224.000000000000 16.000000000000 7.000000000000 0.000084600000
56.000000000000 8.000000000000 56.000000000000 0.000153020000
224.000000000000 2.000000000000 32.000000000000 0.000993000000
14.000000000000 2.000000000000 1.000000000000 0.000279840000
14.000000000000 64.000000000000 112.000000000000 0.000081640000
2.000000000000 16.000000000000 112.000000000000 0.000067660000
28.000000000000 16.000000000000 112.000000000000 0.000056520000
2.000000000000 8.000000000000 28.000000000000 0.000103580000
32.000000000000 16.000000000000 16.000000000000 0.000088880000
28.000000000000 16.000000000000 56.000000000000 0.000051600000
56.000000000000 16.000000000000 28.000000000000 0.000044720000
14.000000000000 64.000000000000 224.000000000000 0.000079340000
32.000000000000 8.000000000000 2.000000000000 0.000101240000
56.000000000000 16.000000000000 112.000000000000 0.000054560000
32.000000000000 16.000000000000 56.000000000000 0.000102220000
1.000000000000 16.000000000000 4.000000000000 0.000056860000
32.000000000000 8.000000000000 4.000000000000 0.000044940000
32.000000000000 16.000000000000 32.000000000000 0.000089120000
2.000000000000 16.000000000000 224.000000000000 0.000055920000
56.000000000000 8.000000000000 1.000000000000 0.000045180000
7.000000000000 8.000000000000 28.000000000000 0.000106400000
4.000000000000 8.000000000000 28.000000000000 0.000060240000
8.000000000000 64.000000000000 224.000000000000 0.000089320000
2.000000000000 8.000000000000 32.000000000000 0.000081160000
112.000000000000 16.000000000000 2.000000000000 0.000055040000
112.000000000000 64.000000000000 2.000000000000 0.000065340000
112.000000000000 32.000000000000 14.000000000000 0.000058060000
32.000000000000 16.000000000000 112.000000000000 0.000099400000
28.000000000000 8.000000000000 1.000000000000 0.000048640000
14.000000000000 8.000000000000 32.000000000000 0.000086180000
28.000000000000 8.000000000000 8.000000000000 0.000101640000
14.000000000000 8.000000000000 56.000000000000 0.000064700000
7.000000000000 8.000000000000 32.000000000000 0.000115220000
28.000000000000 1.000000000000 56.000000000000 0.000792100000
224.000000000000 64.000000000000 28.000000000000 0.000067520000
112.000000000000 8.000000000000 28.000000000000 0.000120660000
224.000000000000 16.000000000000 2.000000000000 0.000168520000
112.000000000000 2.000000000000 7.000000000000 0.000511640000
16.000000000000 2.000000000000 28.000000000000 0.000380680000
4.000000000000 2.000000000000 8.000000000000 0.000112100000
8.000000000000 4.000000000000 14.000000000000 0.000145520000
112.000000000000 1.000000000000 56.000000000000 0.001517720000
224.000000000000 1.000000000000 2.000000000000 0.001763540000
56.000000000000 1.000000000000 16.000000000000 0.000905060000
56.000000000000 1.000000000000 112.000000000000 0.001211280000
224.000000000000 16.000000000000 14.000000000000 0.000095840000
14.000000000000 2.000000000000 14.000000000000 0.000362180000
7.000000000000 4.000000000000 4.000000000000 0.000101960000
224.000000000000 64.000000000000 56.000000000000 0.000066920000
32.000000000000 1.000000000000 8.000000000000 0.000609160000
28.000000000000 8.000000000000 32.000000000000 0.000158620000
7.000000000000 4.000000000000 2.000000000000 0.000053240000
16.000000000000 1.000000000000 1.000000000000 0.000519140000
16.000000000000 2.000000000000 112.000000000000 0.000323880000
4.000000000000 1.000000000000 56.000000000000 0.000662140000
224.000000000000 64.000000000000 14.000000000000 0.000069720000
224.000000000000 32.000000000000 4.000000000000 0.000082820000
112.000000000000 1.000000000000 8.000000000000 0.001427880000
112.000000000000 64.000000000000 4.000000000000 0.000109720000
7.000000000000 2.000000000000 112.000000000000 0.000475940000
8.000000000000 4.000000000000 56.000000000000 0.000187860000
4.000000000000 1.000000000000 7.000000000000 0.000221280000
28.000000000000 2.000000000000 14.000000000000 0.000400300000
112.000000000000 16.000000000000 14.000000000000 0.000142480000
56.000000000000 4.000000000000 14.000000000000 0.000180740000
2.000000000000 4.000000000000 32.000000000000 0.000148260000
112.000000000000 64.000000000000 16.000000000000 0.000100900000
32.000000000000 8.000000000000 8.000000000000 0.000095160000
16.000000000000 1.000000000000 4.000000000000 0.000500180000
112.000000000000 1.000000000000 28.000000000000 0.002120120000
2.000000000000 4.000000000000 14.000000000000 0.000103340000
14.000000000000 2.000000000000 8.000000000000 0.000257520000
224.000000000000 2.000000000000 28.000000000000 0.000980700000
28.000000000000 1.000000000000 4.000000000000 0.000662580000
2.000000000000 4.000000000000 224.000000000000 0.000154940000
56.000000000000 4.000000000000 7.000000000000 0.000170640000
1.000000000000 64.000000000000 112.000000000000 0.000031860000
32.000000000000 8.000000000000 1.000000000000 0.000127640000
1.000000000000 32.000000000000 224.000000000000 0.000041080000
1.000000000000 16.000000000000 112.000000000000 0.000063820000
4.000000000000 8.000000000000 32.000000000000 0.000066240000
1.000000000000 16.000000000000 56.000000000000 0.000057460000
2.000000000000 4.000000000000 8.000000000000 0.000081700000
1.000000000000 8.000000000000 2.000000000000 0.000082520000
4.000000000000 8.000000000000 56.000000000000 0.000075320000
2.000000000000 4.000000000000 7.000000000000 0.000116840000
1.000000000000 16.000000000000 224.000000000000 0.000059460000
28.000000000000 64.000000000000 224.000000000000 0.000060200000
224.000000000000 32.000000000000 7.000000000000 0.000081520000
1.000000000000 8.000000000000 56.000000000000 0.000075120000
4.000000000000 4.000000000000 2.000000000000 0.000056320000
2.000000000000 2.000000000000 4.000000000000 0.000199820000
32.000000000000 2.000000000000 7.000000000000 0.000410980000
28.000000000000 4.000000000000 16.000000000000 0.000097400000
112.000000000000 8.000000000000 16.000000000000 0.000194560000
7.000000000000 2.000000000000 1.000000000000 0.000255080000
1.000000000000 8.000000000000 32.000000000000 0.000076920000
1.000000000000 1.000000000000 56.000000000000 0.000584020000
28.000000000000 4.000000000000 32.000000000000 0.000317380000
1.000000000000 2.000000000000 2.000000000000 0.000378720000
224.000000000000 16.000000000000 1.000000000000 0.000181060000
4.000000000000 1.000000000000 16.000000000000 0.000203940000
1.000000000000 4.000000000000 14.000000000000 0.000142460000
32.000000000000 4.000000000000 28.000000000000 0.000221480000
224.000000000000 4.000000000000 4.000000000000 0.000197680000
224.000000000000 16.000000000000 32.000000000000 0.000142760000
112.000000000000 16.000000000000 56.000000000000 0.000094020000
8.000000000000 4.000000000000 16.000000000000 0.000096440000
7.000000000000 2.000000000000 8.000000000000 0.000111260000
28.000000000000 1.000000000000 224.000000000000 0.000858440000
28.000000000000 8.000000000000 28.000000000000 0.000172440000
14.000000000000 2.000000000000 7.000000000000 0.000102600000
7.000000000000 1.000000000000 7.000000000000 0.000322060000
7.000000000000 4.000000000000 56.000000000000 0.000136040000
224.000000000000 32.000000000000 8.000000000000 0.000175840000
224.000000000000 16.000000000000 4.000000000000 0.000088880000
8.000000000000 4.000000000000 112.000000000000 0.000147520000
224.000000000000 32.000000000000 2.000000000000 0.000099360000
224.000000000000 16.000000000000 28.000000000000 0.000137460000
224.000000000000 1.000000000000 224.000000000000 0.003973300000
8.000000000000 1.000000000000 28.000000000000 0.000378360000
56.000000000000 8.000000000000 28.000000000000 0.000144260000
224.000000000000 2.000000000000 112.000000000000 0.001415440000
8.000000000000 2.000000000000 1.000000000000 0.000223200000
56.000000000000 2.000000000000 112.000000000000 0.000602460000
32.000000000000 1.000000000000 28.000000000000 0.001036380000
32.000000000000 4.000000000000 112.000000000000 0.000341000000
1.000000000000 4.000000000000 28.000000000000 0.000172540000
7.000000000000 1.000000000000 32.000000000000 0.000448760000
8.000000000000 8.000000000000 56.000000000000 0.000065900000
8.000000000000 4.000000000000 1.000000000000 0.000056720000
8.000000000000 1.000000000000 1.000000000000 0.000561660000
224.000000000000 2.000000000000 16.000000000000 0.000675600000
224.000000000000 1.000000000000 112.000000000000 0.003804560000
8.000000000000 2.000000000000 56.000000000000 0.000374320000
32.000000000000 8.000000000000 16.000000000000 0.000113540000
1.000000000000 64.000000000000 224.000000000000 0.000026940000
4.000000000000 4.000000000000 8.000000000000 0.000061400000
112.000000000000 16.000000000000 1.000000000000 0.000065620000
224.000000000000 64.000000000000 16.000000000000 0.000069920000
14.000000000000 4.000000000000 2.000000000000 0.000135180000
1.000000000000 8.000000000000 16.000000000000 0.000083420000
224.000000000000 64.000000000000 112.000000000000 0.000076020000
16.000000000000 4.000000000000 2.000000000000 0.000114260000
1.000000000000 8.000000000000 14.000000000000 0.000076180000
224.000000000000 32.000000000000 112.000000000000 0.000108380000
14.000000000000 4.000000000000 8.000000000000 0.000055400000
7.000000000000 4.000000000000 7.000000000000 0.000135560000
56.000000000000 16.000000000000 224.000000000000 0.000055980000
28.000000000000 16.000000000000 224.000000000000 0.000057540000
16.000000000000 4.000000000000 7.000000000000 0.000129160000
28.000000000000 4.000000000000 1.000000000000 0.000086480000
224.000000000000 64.000000000000 7.000000000000 0.000074240000
14.000000000000 2.000000000000 4.000000000000 0.000234560000
28.000000000000 4.000000000000 224.000000000000 0.000307600000
2.000000000000 2.000000000000 8.000000000000 0.000144960000
112.000000000000 2.000000000000 14.000000000000 0.000791360000
16.000000000000 1.000000000000 8.000000000000 0.000511380000
112.000000000000 8.000000000000 32.000000000000 0.000167120000
16.000000000000 4.000000000000 28.000000000000 0.000112240000
112.000000000000 8.000000000000 56.000000000000 0.000167140000
2.000000000000 4.000000000000 1.000000000000 0.000103020000
112.000000000000 2.000000000000 1.000000000000 0.000823160000
32.000000000000 2.000000000000 56.000000000000 0.000663840000
28.000000000000 2.000000000000 224.000000000000 0.000600320000
1.000000000000 1.000000000000 14.000000000000 0.000564100000
112.000000000000 64.000000000000 224.000000000000 0.000141460000
2.000000000000 2.000000000000 28.000000000000 0.000356000000
8.000000000000 2.000000000000 224.000000000000 0.000340400000
224.000000000000 16.000000000000 16.000000000000 0.000109720000
7.000000000000 1.000000000000 2.000000000000 0.000437960000
16.000000000000 4.000000000000 4.000000000000 0.000064800000
28.000000000000 2.000000000000 4.000000000000 0.000243700000
16.000000000000 1.000000000000 16.000000000000 0.000794220000
112.000000000000 16.000000000000 7.000000000000 0.000092860000
16.000000000000 1.000000000000 7.000000000000 0.000265580000
28.000000000000 8.000000000000 56.000000000000 0.000159420000
112.000000000000 8.000000000000 8.000000000000 0.000132700000
224.000000000000 8.000000000000 112.000000000000 0.000497460000
1.000000000000 2.000000000000 32.000000000000 0.000278960000
224.000000000000 8.000000000000 8.000000000000 0.000113460000
7.000000000000 1.000000000000 28.000000000000 0.000743580000
32.000000000000 1.000000000000 14.000000000000 0.000867520000
32.000000000000 8.000000000000 56.000000000000 0.000095080000
28.000000000000 1.000000000000 7.000000000000 0.000723440000
56.000000000000 8.000000000000 16.000000000000 0.000048940000
28.000000000000 2.000000000000 7.000000000000 0.000257080000
56.000000000000 1.000000000000 4.000000000000 0.000633360000
112.000000000000 8.000000000000 1.000000000000 0.000190360000
4.000000000000 1.000000000000 112.000000000000 0.000836500000
32.000000000000 1.000000000000 1.000000000000 0.000744980000
14.000000000000 2.000000000000 16.000000000000 0.000315760000
224.000000000000 1.000000000000 1.000000000000 0.001557400000
2.000000000000 2.000000000000 16.000000000000 0.000146760000
224.000000000000 32.000000000000 14.000000000000 0.000088740000
1.000000000000 8.000000000000 8.000000000000 0.000075600000
16.000000000000 64.000000000000 224.000000000000 0.000082100000
2.000000000000 64.000000000000 224.000000000000 0.000025620000
14.000000000000 4.000000000000 4.000000000000 0.000084200000
112.000000000000 64.000000000000 112.000000000000 0.000059560000
2.000000000000 8.000000000000 56.000000000000 0.000090020000
112.000000000000 16.000000000000 28.000000000000 0.000083400000
14.000000000000 8.000000000000 224.000000000000 0.000105280000
224.000000000000 8.000000000000 224.000000000000 0.000599200000
112.000000000000 4.000000000000 112.000000000000 0.000605900000
56.000000000000 4.000000000000 32.000000000000 0.000277160000
32.000000000000 4.000000000000 4.000000000000 0.000083580000
2.000000000000 2.000000000000 32.000000000000 0.000396420000
16.000000000000 4.000000000000 1.000000000000 0.000163400000
2.000000000000 1.000000000000 28.000000000000 0.000428480000
8.000000000000 1.000000000000 14.000000000000 0.000469340000
224.000000000000 4.000000000000 56.000000000000 0.000576500000
32.000000000000 1.000000000000 224.000000000000 0.001212420000
224.000000000000 64.000000000000 4.000000000000 0.000083560000
16.000000000000 2.000000000000 56.000000000000 0.000377520000
2.000000000000 2.000000000000 1.000000000000 0.000146200000
14.000000000000 1.000000000000 2.000000000000 0.000453660000
1.000000000000 4.000000000000 32.000000000000 0.000150980000
4.000000000000 4.000000000000 32.000000000000 0.000166720000
28.000000000000 1.000000000000 32.000000000000 0.001098820000
224.000000000000 2.000000000000 14.000000000000 0.000549700000
2.000000000000 2.000000000000 2.000000000000 0.000184180000
224.000000000000 2.000000000000 4.000000000000 0.000674960000
224.000000000000 4.000000000000 1.000000000000 0.000352700000
8.000000000000 2.000000000000 2.000000000000 0.000093800000
112.000000000000 4.000000000000 1.000000000000 0.000245560000
56.000000000000 2.000000000000 8.000000000000 0.000320600000
4.000000000000 2.000000000000 7.000000000000 0.000325600000
1.000000000000 1.000000000000 224.000000000000 0.000534300000
224.000000000000 8.000000000000 32.000000000000 0.000289220000
8.000000000000 2.000000000000 7.000000000000 0.000199660000
224.000000000000 2.000000000000 8.000000000000 0.001786020000
56.000000000000 1.000000000000 8.000000000000 0.000758140000
1.000000000000 4.000000000000 8.000000000000 0.000134000000
224.000000000000 16.000000000000 112.000000000000 0.000182400000
56.000000000000 2.000000000000 16.000000000000 0.000498080000
2.000000000000 8.000000000000 224.000000000000 0.000095840000
14.000000000000 4.000000000000 14.000000000000 0.000140880000
1.000000000000 1.000000000000 112.000000000000 0.000581140000
14.000000000000 1.000000000000 28.000000000000 0.000673520000
2.000000000000 1.000000000000 8.000000000000 0.000381580000
7.000000000000 2.000000000000 16.000000000000 0.000311340000
7.000000000000 1.000000000000 224.000000000000 0.000759800000
32.000000000000 1.000000000000 112.000000000000 0.001264760000
4.000000000000 2.000000000000 56.000000000000 0.000350480000
8.000000000000 1.000000000000 7.000000000000 0.000427900000
56.000000000000 2.000000000000 28.000000000000 0.000516600000
32.000000000000 4.000000000000 1.000000000000 0.000097180000
56.000000000000 64.000000000000 224.000000000000 0.000079080000
56.000000000000 8.000000000000 32.000000000000 0.000071920000
32.000000000000 4.000000000000 14.000000000000 0.000137640000
224.000000000000 32.000000000000 224.000000000000 0.000219980000
112.000000000000 1.000000000000 14.000000000000 0.001747180000
4.000000000000 8.000000000000 112.000000000000 0.000085240000
112.000000000000 1.000000000000 7.000000000000 0.001010820000
4.000000000000 2.000000000000 4.000000000000 0.000196760000
7.000000000000 8.000000000000 112.000000000000 0.000081800000
112.000000000000 2.000000000000 8.000000000000 0.000678920000
4.000000000000 4.000000000000 224.000000000000 0.000196500000
56.000000000000 1.000000000000 7.000000000000 0.000653120000
112.000000000000 8.000000000000 4.000000000000 0.000078040000
112.000000000000 4.000000000000 4.000000000000 0.000380880000
32.000000000000 1.000000000000 2.000000000000 0.000727880000
1.000000000000 1.000000000000 28.000000000000 0.000488940000
4.000000000000 4.000000000000 56.000000000000 0.000141520000
7.000000000000 2.000000000000 2.000000000000 0.000278820000
112.000000000000 8.000000000000 224.000000000000 0.000308640000
224.000000000000 16.000000000000 224.000000000000 0.000202160000
224.000000000000 64.000000000000 2.000000000000 0.000115360000
112.000000000000 16.000000000000 16.000000000000 0.000126040000
4.000000000000 4.000000000000 16.000000000000 0.000163740000
14.000000000000 2.000000000000 224.000000000000 0.000409140000
7.000000000000 4.000000000000 14.000000000000 0.000093440000
2.000000000000 1.000000000000 16.000000000000 0.000322480000
112.000000000000 4.000000000000 16.000000000000 0.000374520000
56.000000000000 4.000000000000 112.000000000000 0.000306480000
4.000000000000 2.000000000000 32.000000000000 0.000229520000
28.000000000000 4.000000000000 112.000000000000 0.000322300000
1.000000000000 4.000000000000 112.000000000000 0.000143100000
32.000000000000 1.000000000000 7.000000000000 0.000611400000
224.000000000000 4.000000000000 14.000000000000 0.000249700000
1.000000000000 2.000000000000 8.000000000000 0.000277280000
14.000000000000 1.000000000000 8.000000000000 0.000215180000
4.000000000000 4.000000000000 1.000000000000 0.000064400000
56.000000000000 1.000000000000 28.000000000000 0.000979000000
224.000000000000 1.000000000000 16.000000000000 0.001110700000
32.000000000000 2.000000000000 4.000000000000 0.000378060000
28.000000000000 4.000000000000 56.000000000000 0.000285580000
112.000000000000 2.000000000000 28.000000000000 0.001036020000
1.000000000000 2.000000000000 1.000000000000 0.000269480000
16.000000000000 4.000000000000 224.000000000000 0.000198860000
32.000000000000 2.000000000000 1.000000000000 0.000465120000
14.000000000000 4.000000000000 1.000000000000 0.000060600000
112.000000000000 4.000000000000 28.000000000000 0.000268740000
7.000000000000 1.000000000000 112.000000000000 0.000821560000
32.000000000000 4.000000000000 16.000000000000 0.000106440000
2.000000000000 1.000000000000 56.000000000000 0.000760620000
8.000000000000 2.000000000000 14.000000000000 0.000210520000
16.000000000000 1.000000000000 224.000000000000 0.000828860000
112.000000000000 4.000000000000 7.000000000000 0.000363040000
1.000000000000 1.000000000000 2.000000000000 0.000604260000
28.000000000000 2.000000000000 1.000000000000 0.000358580000
56.000000000000 8.000000000000 224.000000000000 0.000165220000
112.000000000000 1.000000000000 112.000000000000 0.002448680000
2.000000000000 4.000000000000 28.000000000000 0.000130880000
224.000000000000 1.000000000000 8.000000000000 0.000778440000
56.000000000000 8.000000000000 8.000000000000 0.000101420000
28.000000000000 4.000000000000 2.000000000000 0.000159680000
14.000000000000 1.000000000000 7.000000000000 0.000385100000
4.000000000000 1.000000000000 32.000000000000 0.000675920000
224.000000000000 8.000000000000 7.000000000000 0.000265120000
32.000000000000 8.000000000000 14.000000000000 0.000066740000
112.000000000000 1.000000000000 224.000000000000 0.001750980000
16.000000000000 8.000000000000 112.000000000000 0.000102280000
14.000000000000 1.000000000000 14.000000000000 0.000357600000
224.000000000000 8.000000000000 16.000000000000 0.000132100000
4.000000000000 2.000000000000 14.000000000000 0.000307380000
4.000000000000 1.000000000000 1.000000000000 0.000364840000
32.000000000000 2.000000000000 112.000000000000 0.000670260000
8.000000000000 1.000000000000 2.000000000000 0.000180300000
14.000000000000 2.000000000000 32.000000000000 0.000366220000
112.000000000000 2.000000000000 56.000000000000 0.000801380000
56.000000000000 2.000000000000 7.000000000000 0.000362520000
224.000000000000 8.000000000000 2.000000000000 0.000326180000
7.000000000000 2.000000000000 56.000000000000 0.000387640000
8.000000000000 8.000000000000 112.000000000000 0.000077000000
112.000000000000 8.000000000000 2.000000000000 0.000098020000
14.000000000000 1.000000000000 224.000000000000 0.000753620000
16.000000000000 4.000000000000 8.000000000000 0.000130780000
7.000000000000 8.000000000000 224.000000000000 0.000078800000
16.000000000000 2.000000000000 224.000000000000 0.000522620000
2.000000000000 1.000000000000 2.000000000000 0.000346980000
28.000000000000 2.000000000000 28.000000000000 0.000474360000
1.000000000000 1.000000000000 32.000000000000 0.000586440000
224.000000000000 1.000000000000 56.000000000000 0.002905340000
4.000000000000 1.000000000000 28.000000000000 0.000696900000
7.000000000000 1.000000000000 14.000000000000 0.000463300000
112.000000000000 2.000000000000 112.000000000000 0.000797940000
1.000000000000 1.000000000000 7.000000000000 0.000557460000
4.000000000000 2.000000000000 2.000000000000 0.000191460000
56.000000000000 2.000000000000 2.000000000000 0.000297320000
32.000000000000 2.000000000000 2.000000000000 0.000316640000
112.000000000000 1.000000000000 4.000000000000 0.001233960000
112.000000000000 16.000000000000 224.000000000000 0.000166420000
224.000000000000 16.000000000000 8.000000000000 0.000188200000
4.000000000000 2.000000000000 16.000000000000 0.000316420000
56.000000000000 2.000000000000 56.000000000000 0.000424340000
32.000000000000 4.000000000000 8.000000000000 0.000094700000
14.000000000000 4.000000000000 16.000000000000 0.000076540000
56.000000000000 2.000000000000 14.000000000000 0.000471300000
8.000000000000 2.000000000000 112.000000000000 0.000392440000
7.000000000000 2.000000000000 14.000000000000 0.000306220000
112.000000000000 4.000000000000 224.000000000000 0.000398040000
224.000000000000 1.000000000000 7.000000000000 0.001078780000
56.000000000000 4.000000000000 4.000000000000 0.000190400000
16.000000000000 1.000000000000 28.000000000000 0.000809740000
16.000000000000 2.000000000000 14.000000000000 0.000272980000
224.000000000000 2.000000000000 224.000000000000 0.002204540000
7.000000000000 4.000000000000 112.000000000000 0.000156660000
112.000000000000 2.000000000000 2.000000000000 0.000535260000
8.000000000000 2.000000000000 28.000000000000 0.000186920000
1.000000000000 2.000000000000 14.000000000000 0.000269960000
4.000000000000 1.000000000000 224.000000000000 0.000739240000
16.000000000000 4.000000000000 56.000000000000 0.000236700000
1.000000000000 4.000000000000 7.000000000000 0.000135340000
28.000000000000 1.000000000000 14.000000000000 0.000773580000
1.000000000000 1.000000000000 4.000000000000 0.000537060000
56.000000000000 2.000000000000 32.000000000000 0.000461540000
7.000000000000 1.000000000000 4.000000000000 0.000555240000
7.000000000000 4.000000000000 224.000000000000 0.000167880000
56.000000000000 1.000000000000 32.000000000000 0.000985700000
1.000000000000 2.000000000000 56.000000000000 0.000267180000
16.000000000000 4.000000000000 14.000000000000 0.000137020000
7.000000000000 2.000000000000 4.000000000000 0.000111880000
28.000000000000 2.000000000000 16.000000000000 0.000319480000
16.000000000000 1.000000000000 32.000000000000 0.000811080000
2.000000000000 1.000000000000 224.000000000000 0.000667980000
28.000000000000 4.000000000000 28.000000000000 0.000273940000
4.000000000000 2.000000000000 224.000000000000 0.000331480000
224.000000000000 16.000000000000 56.000000000000 0.000249040000
14.000000000000 1.000000000000 4.000000000000 0.000377240000
8.000000000000 1.000000000000 16.000000000000 0.000274320000
224.000000000000 1.000000000000 32.000000000000 0.001813000000
56.000000000000 4.000000000000 56.000000000000 0.000198400000
32.000000000000 2.000000000000 14.000000000000 0.000383340000
28.000000000000 1.000000000000 2.000000000000 0.000708640000
14.000000000000 4.000000000000 28.000000000000 0.000191340000
1.000000000000 4.000000000000 4.000000000000 0.000133300000
4.000000000000 4.000000000000 14.000000000000 0.000165400000
8.000000000000 2.000000000000 16.000000000000 0.000278040000
112.000000000000 1.000000000000 2.000000000000 0.000877880000
28.000000000000 8.000000000000 224.000000000000 0.000159940000
7.000000000000 4.000000000000 28.000000000000 0.000193620000
2.000000000000 2.000000000000 7.000000000000 0.000143040000
16.000000000000 1.000000000000 56.000000000000 0.001010300000
14.000000000000 1.000000000000 1.000000000000 0.000215980000
7.000000000000 2.000000000000 32.000000000000 0.000258400000
224.000000000000 4.000000000000 8.000000000000 0.000212220000
7.000000000000 1.000000000000 56.000000000000 0.000496220000
32.000000000000 8.000000000000 28.000000000000 0.000167240000
224.000000000000 4.000000000000 28.000000000000 0.000365820000
1.000000000000 2.000000000000 112.000000000000 0.000258900000
112.000000000000 2.000000000000 224.000000000000 0.000807940000
28.000000000000 4.000000000000 4.000000000000 0.000147280000
2.000000000000 2.000000000000 112.000000000000 0.000408220000
224.000000000000 8.000000000000 1.000000000000 0.000208900000
1.000000000000 2.000000000000 28.000000000000 0.000273560000
2.000000000000 1.000000000000 1.000000000000 0.000380220000
8.000000000000 4.000000000000 28.000000000000 0.000142700000
2.000000000000 4.000000000000 112.000000000000 0.000227340000
28.000000000000 2.000000000000 112.000000000000 0.000454980000
32.000000000000 1.000000000000 16.000000000000 0.001037780000
112.000000000000 8.000000000000 14.000000000000 0.000239640000
224.000000000000 4.000000000000 112.000000000000 0.000855060000
28.000000000000 2.000000000000 8.000000000000 0.000266520000
2.000000000000 2.000000000000 14.000000000000 0.000197180000
224.000000000000 4.000000000000 2.000000000000 0.000227840000
56.000000000000 1.000000000000 14.000000000000 0.000437640000
56.000000000000 2.000000000000 224.000000000000 0.000530880000
1.000000000000 2.000000000000 4.000000000000 0.000272240000
16.000000000000 4.000000000000 16.000000000000 0.000087760000
32.000000000000 8.000000000000 112.000000000000 0.000110160000
14.000000000000 4.000000000000 56.000000000000 0.000196540000
4.000000000000 4.000000000000 112.000000000000 0.000186420000
112.000000000000 1.000000000000 32.000000000000 0.001637420000
1.000000000000 8.000000000000 112.000000000000 0.000084380000
14.000000000000 2.000000000000 28.000000000000 0.000288240000
8.000000000000 4.000000000000 32.000000000000 0.000113160000
16.000000000000 4.000000000000 32.000000000000 0.000168180000
8.000000000000 2.000000000000 32.000000000000 0.000338020000
1.000000000000 1.000000000000 8.000000000000 0.000565680000
224.000000000000 8.000000000000 4.000000000000 0.000124000000
112.000000000000 4.000000000000 32.000000000000 0.000541080000
28.000000000000 2.000000000000 32.000000000000 0.000548800000
14.000000000000 2.000000000000 112.000000000000 0.000357440000
4.000000000000 2.000000000000 28.000000000000 0.000306860000
