0.10975441619991383
0.0982058181762107
0.16100366578182276
0.02545475620430954
0.24633504815688706
0.13815582527957657
0.1935861387643438
0.06656110536272326
0.034205777142795754
0.2462493233315289
0.05251981296233682
0.051185706420617344
0.01660840186673378
0.05177684371417654
0.3537760742160376
0.062459543751593724
0.1179242662716415
0.07081697783807227
0.2636295897669413
0.13900317578112212
0.059855729692896924
0.35978193322411167
0.0783473067152198
0.1435607853745407
0.42588691610659707
0.13738094981286336
0.06308568598315999
0.0676334402412863
0.12256661438235547
0.039924145064727454
0.11348509823138948
0.08149385133146506
0.06640217708637446
0.06880401901469317
0.10768879569819743
0.01086606004869551
0.08974205412565438
0.053087201887248574
0.06999005401603446
0.10733577718788186
0.3769793115695386
0.027574217878969597
0.0518675071670576
0.03719527152519011
0.027975391670858107
0.10362445592482611
0.0881416688580405
0.03472530828014712
0.06934040329253952
0.12986072877796132
0.053925553353994134
0.1469461685779552
0.03227809286318874
0.08072121173711895
0.04693401527741441
0.05190047756425929
0.039510377794528664
0.09588731715763403
0.05471008423213879
0.04479937533413996
0.06645206394256857
0.0640423563484242
0.2496031668267064
0.065500341977918
0.09720081197820479
0.130942100501686
0.09938590947041522
0.09535609741489673
0.15203456796018
0.11153435261563249
0.08773428297870875
0.060745524089317895
0.5062199435634515
0.1810853462615693
0.34652845793883996
0.14026606171398368
0.13812586077884897
0.14466794634439992
0.16125846679749323
0.16846323753091647
1.0
0.15613469482819914
0.24156046123501745
0.28061865209632286
0.15838887783525665
0.09873031129852412
0.1386672182726748
0.3070414386616204
0.26245080464033305
0.13745804599561845
0.2655090469440507
0.17783890199801733
0.44095551324216725
0.13829082657459585
0.21625522089035282
0.35725905980029166
0.1609365326055368
0.23672081180537485
0.1949043611323642
0.1792655979507678
0.1439697072453939
0.17405028696365127
0.34526036160581175
0.8555212251477701
0.10511851313878251
0.37994809533752943
0.3388401170524076
0.16897279083033737
0.31804334798242107
0.21751455846440224
0.21885255760408254
0.2472147820348589
0.15142364619865661
0.14434169669771763
0.13876088069636455
0.2718676627534685
0.10727069068613829
0.13920979288485708
0.24460362574896297
0.48986577439329254
0.2759434984184757
0.13915504036883677
0.271201958905568
0.19445801526717557
0.1288804792164164
0.14670244868812055
0.2019310038683493
0.17927821411479888
0.1515551747935556
0.1465218741731758
0.23217703567327147
0.22597356515568173
0.16831630832661584
0.3177735641934035
0.19692635940568035
0.20620709752622718
0.23196984046040653
0.17016700066800267
0.15027844636367926
0.42377561884482295
0.2118067681050969
0.20124822246800442
0.13728470111448837
0.4135658159620754
0.2400806740429382
0.12901102017664698
0.21493418832264596
0.12120433545538459
0.1415096435872367
0.152531615251964
0.13489298158287705
0.1305582320260768
0.1638072946139205
0.10672778005882304
0.18321346375143843
0.12947395171537485
0.2883500860273477
0.12309134485291276
0.3438529237082231
0.15870464513556617
0.38895165969401774
0.20867670429411667
0.179934168703293
0.15517220374498983
0.14695973231798776
0.155183547156938
0.16080243406683584
0.16236646865359608
0.31943120830616445
0.20231268961354573
0.1024360428177351
0.16179515516431028
0.1431252247393024
0.14299025551214695
0.19166064764656315
0.12087536655499988
0.2352560905783048
0.14189746217775898
0.1473746326336982
0.13160369073081016
0.0960304595317978
0.12287878057016063
0.13488155372705998
0.1531533698070102
0.4175791751360567
0.2638972340205118
0.137150179284799
0.1259306130923544
0.13887435125823192
0.16484398255400104
0.17869970256467815
0.13222943161173112
0.3495334796926454
0.20838650567717024
0.26594145404434794
0.13239023781806086
0.16481838533107313
0.18493190463745393
0.20279909562780626
0.3071747256722537
0.16505974133685822
0.25546039832327166
0.1368789829452033
0.11468885347164069
0.13939718951100993
0.15916475057482757
0.1371767670784375
0.14972903711192354
0.13176979340168216
0.15835343262799315
0.15996835045590416
0.15014027394676663
0.12857734123418907
0.14296136664646328
0.14520229368779855
0.08469932636870839
0.14505016455797112
0.18855662472242785
0.1394933686712153
0.2134001273330429
0.17172016771601525
0.10677340933858663
0.10534020328666066
0.12395262609846532
0.12034884819623183
0.21535574191803056
0.13392143668250833
0.1617129870624532
0.12467209584589482
0.14535308348929565
0.10835942285442048
0.13448421497201984
0.1550437608793563
0.16474590301760378
0.13616634594825744
0.14583070951786675
0.14094746976219194
0.1454144832231622
0.07353077011892391
0.15739459245712029
0.04285276909567435
0.04636441402908469
0.13398905954134233
0.03253367798887362
0.041229137803788535
0.03824075130451492
0.0528400982376954
0.13925088555560416
0.04899109952074343
0.04975001952972424
0.038478502549725686
0.06828904758841065
0.029732253320572374
0.08148498826058308
0.1282846696949248
0.07977577351872729
0.11339214970576976
0.013898755255545263
0.07225477793724722
0.0379730608010208
0.06141687481315036
0.11118094290378051
0.0884513888888889
0.0510951540436457
0.1503689274541054
0.13993781518144566
0.15170861274223707
0.12921912568860391
0.1323599709030448
0.15090695828347334
0.12852674066599393
0.16104030749001164
0.1434169190753398
0.06171714871327716
0.11815727710418658
0.1359178751694038
0.058521367167937065
0.14936031989868315
0.147773021010987
0.13828031701226795
0.12595053744301718
0.133267067747842
0.11891957500046683
0.14774559500748183
0.11196772038397974
0.13928134021520427
0.13520370252425537
0.1475898030127462
0.13895768102028128
0.11572988787730107
0.13165538270711663
0.13775835775857406
0.12087421944692238
0.09680336839545206
0.13442318449020083
0.026423831030212
0.027275842131186154
0.033707894903986624
0.132660500770737
0.08115168235076743
0.06207901585970931
0.0911726389028074
0.059924159735029556
0.12460379573468988
0.10383226406019451
0.04354931908244522
0.013828361984544197
0.031490826198429044
0.07119619899385131
0.11681248738971735
0.06367608534805128
0.05661618608620667
0.08582305774543494
0.06681424517266162
0.11656660687483986
0.07437229942777064
0.01654170882072954
0.019060773894057595
0.11663705792934197
0.06293139652659403
0.10373754896930308
0.06534609780623449
0.11086642410737602
0.07612405046647422
0.1381798062423381
0.13792393987958593
0.13751889440725545
0.15011726990936627
0.13355492875043254
0.14821322596786018
0.13074317388626563
0.25257793289442376
0.1497079185227847
0.1480357973035797
0.13780903435217745
0.13838548457192523
0.14924306336707913
0.10637036294700272
0.1287293822768435
0.13325591370850465
0.10660272344556876
0.05795367164287761
0.036441509617502914
0.02666468483669791
0.02898910262829675
0.0516843993215332
0.13150314380994663
0.04733536494722759
0.020456706369091214
0.08897659797415298
0.1432910708861614
0.027600269566894417
0.11184383835900319
0.11730413239885432
0.11483361432422441
0.045577673846065765
0.0292766235228947
0.12168720741377663
0.027522321235641373
0.06560290080503521
0.014138225379096916
0.023731358856452948
0.08214663467739854
0.06155072848962234
0.10748613912353693
0.01658519689468654
0.015434821597359224
0.03800240480005251
0.10475971147282104
0.07292954972287116
0.07205611970695557
0.1166210388492634
0.10234303437414627
0.04174778920594965
0.05695797800743222
0.02650929396657044
0.05915216926892248
0.09695664088666951
0.11038696537678207
0.10252922046559554
0.031509601064750904
0.0689052627023284
0.09684974109023443
0.03772394613149625
0.13932095119336704
0.12972449966899222
0.1157940671109212
0.10823051561809592
0.13652685624859315
0.1384441473462245
0.06987486490786306
0.14195439448989144
0.09644931432162898
0.2317166351331684
0.10629579557024352
0.10792787296422458
0.130512746946471
0.11654314209900267
0.1134396152475953
0.23961997930580378
0.09665204656174592
0.13470751853457852
0.11865038332914139
0.12925584274565918
0.09656997285699123
0.15101968223855822
0.05667790998816336
0.02336712641400743
0.04422830514301192
0.044220013401056114
0.12020346916819237
0.01994294410902623
0.06454408172779698
0.0838981655304153
0.03274722392910124
0.0794894997971729
0.046087768305568017
0.06078320957489454
0.12682212840528917
0.06521360694683379
0.05753065787393572
0.02912126352948708
0.05859621197134826
0.0472076439542193
0.03332025323078533
0.025528989443260788
0.019592340267127726
0.05097369074013302
0.03738512519922395
0.08770890861388661
0.09340578753611711
0.020832174809047938
0.030583529027579683
0.045972987215488675
0.021138880636772057
0.05304585757539159
0.027483778809201678
0.05595852645915251
0.09887516593049162
0.06210959024347428
0.06675436573656736
0.06275342539993793
0.051026376514326004
0.0581622075793069
0.09452529555388989
0.02413604261374942
0.05237942492433215
0.06255064406979428
0.04600071509316075
0.07228348154748056
0.1005883514313919
0.06567190343853281
0.0824924547609487
0.0880746252143608
0.05651795777460264
0.036465923243196814
0.10744171137429565
0.13075391122243668
0.10444530090447647
0.1258671462734945
0.12835318540016527
0.10888558336752836
0.14212863774326015
0.10706060351349081
0.1041992195489091
0.1046383621964444
0.09295723252079989
0.1023734698634431
0.10878421659478157
0.06299800673653806
0.11068818381694781
0.10931921175501237
0.09422809457579973
0.09494241735306176
0.05402871747014783
0.04326941042583188
0.04234994480575616
0.015141320577074876
0.08559466688171176
0.10494356101178215
0.0162320118671975
0.029623961521644076
0.06275775418196151
0.09745590879528676
0.08386170752101975
0.08568045904330103
0.10320714355168055
0.08446230462662713
0.03537073035267981
0.0996417060424946
0.0980848163749355
0.027326343521981003
0.053206954458489636
0.061479722358983274
0.04721831938816743
0.033016398032028785
0.05598533665046197
0.10235866114839073
0.08802958048241068
0.05321873707344996
0.09341811887578477
0.019891958413828324
0.06380047886674882
0.11229644781040883
0.06007877172708191
0.10421286031042129
0.04822374424037286
0.05679998929732477
0.07989687488238469
0.08155072510164228
0.018100788578753423
0.021099625617069212
0.05023248843473563
0.022465310787476434
0.059419843624624456
0.04910082689231126
0.11176532528386655
0.10183571325775141
0.1095505134777149
0.1458023306394377
0.10545096285993409
0.1016918028598574
0.09930222586052315
0.12089257578921393
0.09034871183747589
0.12811692165323837
0.019135629047935972
0.07216798590296387
0.06771866210849235
0.039747478530057924
0.049119951871162804
0.03579598788158124
0.06570137520504277
0.048748469075321495
0.08533202915639404
0.0569610346631844
0.09383933044528925
0.0463853513043035
0.012201722629946862
0.040151818448337276
0.07140094289382073
0.04698058367021747
0.01859625096543699
0.06169144108145285
0.012242818626155243
0.09349286159944213
0.027727164871813294
0.09364959156514002
0.09680042559659524
0.08306377983565932
0.040000628101249915
0.04810317805011614
0.029292244006209396
0.08216200176747966
0.04367295856263608
0.049121277916828965
0.0669571982799407
0.05268665977249224
0.09834837733284944
0.016005820755416435
0.1018911092267571
0.04798429782889606
0.18697062666059922
0.05892857969029763
0.07608994348662437
0.05062058604943227
0.07523020312213906
0.0620938452163315
0.058586778532133725
0.03951074548342266
0.07715746495596021
0.06559952205106019
0.013968336828067836
0.018864599069877662
0.07076700836180792
0.024178147980819974
0.03193903573551058
0.0856844937773293
0.060970005648473484
0.07514808958534916
0.01608448744192625
0.05209406952965235
0.02697602507624534
0.07104014099825426
0.05162971880712934
0.04590124942790113
0.07071004274690501
0.07164714750188442
0.051529666879738485
0.10359664248300093
0.025832503483341818
0.030335869062986767
0.044560517219664426
0.04688046346768939
0.08050946556682784
0.0247647379063618
0.04537600775207608
0.060037143180361255
0.10256141848311848
0.05436262521500489
0.06349356689580914
0.1095901018722467
0.057666883987105656
0.01424736294589425
0.02740713484947271
0.1001816909052297
0.03121744863471149
0.05244239859022712
0.013956031433668034
0.07931279266713162
0.09762023376125695
0.04887023316668521
0.04399031570658386
0.06483781637515017
0.050734913363871745
0.024006438407285804
0.09127456179324381
0.05869531156394872
0.01484955743958514
0.0748508800282079
0.06918372224394907
0.02262899254168873
0.06739688335053047
0.09317006444439567
0.07076740154680417
0.079533675521087
0.07049713849253351
0.03665144438977086
0.0368682936148411
0.06844758281206337
0.07483724646877718
0.05817283319098794
0.061664859212208066
0.04095590575993672
0.03258861637183312
0.05754235373842332
0.02054083169645305
0.0515515657315854
0.018548398840816088
0.047329560444868884
0.06450975724639516
0.014908113258119755
0.03565280433084862
0.011702133523943573
0.02830633153321332
0.06657467371249066
0.048944599647239205
0.10730864821601585
