4.000000000000 16.000000000000 2.000000000000 0.000241720000
16.000000000000 1.000000000000 32.000000000000 0.000171580000
2.000000000000 16.000000000000 64.000000000000 0.000029000000
2.000000000000 1.000000000000 16.000000000000 0.000065400000
1.000000000000 32.000000000000 4.000000000000 0.000059760000
2.000000000000 4.000000000000 32.000000000000 0.000061000000
4.000000000000 64.000000000000 8.000000000000 0.000502440000
128.000000000000 8.000000000000 2.000000000000 0.000114680000
8.000000000000 32.000000000000 4.000000000000 0.000157760000
8.000000000000 32.000000000000 2.000000000000 0.000314460000
1.000000000000 1.000000000000 2.000000000000 0.000085740000
128.000000000000 1.000000000000 2.000000000000 0.000036900000
2.000000000000 4.000000000000 8.000000000000 0.000049120000
2.000000000000 64.000000000000 4.000000000000 0.000632020000
64.000000000000 8.000000000000 8.000000000000 0.000077800000
128.000000000000 1.000000000000 16.000000000000 0.000052240000
2.000000000000 16.000000000000 1.000000000000 0.000229140000
8.000000000000 4.000000000000 1.000000000000 0.000180040000
4.000000000000 16.000000000000 64.000000000000 0.000022340000
32.000000000000 16.000000000000 8.000000000000 0.000072000000
8.000000000000 64.000000000000 32.000000000000 1000000000.000000000000
32.000000000000 8.000000000000 1.000000000000 0.000236840000
1.000000000000 4.000000000000 32.000000000000 0.000054340000
128.000000000000 8.000000000000 4.000000000000 0.000073380000
16.000000000000 32.000000000000 2.000000000000 0.000284380000
32.000000000000 8.000000000000 4.000000000000 0.000110040000
16.000000000000 32.000000000000 1.000000000000 0.000540840000
128.000000000000 8.000000000000 32.000000000000 0.000052680000
8.000000000000 4.000000000000 32.000000000000 0.000031200000
8.000000000000 16.000000000000 2.000000000000 0.000285860000
1.000000000000 16.000000000000 4.000000000000 0.000058740000
32.000000000000 2.000000000000 4.000000000000 0.000112040000
64.000000000000 32.000000000000 1.000000000000 0.000507640000
2.000000000000 32.000000000000 1.000000000000 0.000420240000
128.000000000000 1.000000000000 64.000000000000 0.000088100000
2.000000000000 16.000000000000 16.000000000000 0.000054980000
128.000000000000 16.000000000000 2.000000000000 0.000120380000
64.000000000000 64.000000000000 2.000000000000 0.000260080000
32.000000000000 2.000000000000 64.000000000000 0.000064860000
1.000000000000 2.000000000000 4.000000000000 0.000066280000
64.000000000000 8.000000000000 1.000000000000 0.000379400000
2.000000000000 2.000000000000 64.000000000000 0.000069280000
8.000000000000 64.000000000000 64.000000000000 1000000000.000000000000
2.000000000000 1.000000000000 1.000000000000 0.000115420000
8.000000000000 1.000000000000 2.000000000000 0.000053240000
32.000000000000 64.000000000000 8.000000000000 0.000330860000
16.000000000000 64.000000000000 8.000000000000 0.000432520000
2.000000000000 4.000000000000 16.000000000000 0.000045800000
64.000000000000 1.000000000000 2.000000000000 0.000033180000
2.000000000000 32.000000000000 64.000000000000 1000000000.000000000000
64.000000000000 4.000000000000 2.000000000000 0.000224360000
2.000000000000 2.000000000000 1.000000000000 0.000107960000
8.000000000000 16.000000000000 8.000000000000 0.000072680000
64.000000000000 32.000000000000 4.000000000000 0.000108140000
32.000000000000 4.000000000000 32.000000000000 0.000030600000
1.000000000000 2.000000000000 8.000000000000 0.000062820000
128.000000000000 16.000000000000 1.000000000000 0.000211540000
128.000000000000 2.000000000000 4.000000000000 0.000109000000
32.000000000000 1.000000000000 8.000000000000 0.000044000000
16.000000000000 4.000000000000 16.000000000000 0.000059720000
64.000000000000 4.000000000000 16.000000000000 0.000053520000
8.000000000000 2.000000000000 32.000000000000 0.000048520000
64.000000000000 64.000000000000 4.000000000000 0.000413180000
64.000000000000 2.000000000000 8.000000000000 0.000135180000
64.000000000000 64.000000000000 1.000000000000 0.000573020000
16.000000000000 16.000000000000 32.000000000000 0.000025440000
32.000000000000 2.000000000000 1.000000000000 0.000207040000
16.000000000000 4.000000000000 64.000000000000 0.000028700000
128.000000000000 32.000000000000 32.000000000000 0.000041460000
2.000000000000 4.000000000000 1.000000000000 0.000120780000
128.000000000000 64.000000000000 4.000000000000 0.000325780000
2.000000000000 4.000000000000 2.000000000000 0.000094180000
4.000000000000 8.000000000000 64.000000000000 0.000036600000
8.000000000000 8.000000000000 32.000000000000 0.000032360000
8.000000000000 16.000000000000 32.000000000000 0.000025900000
8.000000000000 4.000000000000 64.000000000000 0.000043840000
8.000000000000 8.000000000000 64.000000000000 0.000021560000
32.000000000000 8.000000000000 32.000000000000 0.000032000000
1.000000000000 8.000000000000 16.000000000000 0.000050380000
16.000000000000 4.000000000000 32.000000000000 0.000053780000
16.000000000000 8.000000000000 32.000000000000 0.000027140000
8.000000000000 16.000000000000 64.000000000000 0.000019360000
128.000000000000 16.000000000000 32.000000000000 0.000039840000
4.000000000000 4.000000000000 64.000000000000 0.000044520000
1.000000000000 8.000000000000 8.000000000000 0.000052220000
4.000000000000 8.000000000000 32.000000000000 0.000028300000
32.000000000000 16.000000000000 32.000000000000 0.000024280000
2.000000000000 8.000000000000 8.000000000000 0.000058920000
32.000000000000 1.000000000000 4.000000000000 0.000041020000
4.000000000000 16.000000000000 32.000000000000 0.000028960000
1.000000000000 16.000000000000 8.000000000000 0.000049280000
4.000000000000 8.000000000000 8.000000000000 0.000054240000
16.000000000000 16.000000000000 64.000000000000 0.000019000000
32.000000000000 1.000000000000 2.000000000000 0.000039340000
16.000000000000 8.000000000000 64.000000000000 0.000033900000
32.000000000000 8.000000000000 16.000000000000 0.000046420000
16.000000000000 8.000000000000 16.000000000000 0.000046320000
32.000000000000 4.000000000000 16.000000000000 0.000043040000
1.000000000000 8.000000000000 32.000000000000 0.000048500000
4.000000000000 8.000000000000 16.000000000000 0.000047940000
4.000000000000 2.000000000000 64.000000000000 0.000053200000
1.000000000000 8.000000000000 64.000000000000 0.000021360000
64.000000000000 16.000000000000 32.000000000000 0.000031780000
4.000000000000 4.000000000000 8.000000000000 0.000062140000
4.000000000000 4.000000000000 16.000000000000 0.000053960000
8.000000000000 4.000000000000 16.000000000000 0.000044480000
32.000000000000 16.000000000000 16.000000000000 0.000037600000
128.000000000000 16.000000000000 16.000000000000 0.000046460000
1.000000000000 16.000000000000 16.000000000000 0.000048200000
4.000000000000 2.000000000000 8.000000000000 0.000067140000
8.000000000000 1.000000000000 8.000000000000 0.000034420000
128.000000000000 16.000000000000 64.000000000000 0.000039640000
32.000000000000 8.000000000000 64.000000000000 0.000034280000
32.000000000000 4.000000000000 64.000000000000 0.000035580000
2.000000000000 8.000000000000 64.000000000000 0.000035120000
2.000000000000 16.000000000000 32.000000000000 0.000045380000
32.000000000000 2.000000000000 32.000000000000 0.000092960000
32.000000000000 8.000000000000 8.000000000000 0.000055040000
2.000000000000 16.000000000000 8.000000000000 0.000070640000
2.000000000000 8.000000000000 16.000000000000 0.000050500000
16.000000000000 16.000000000000 16.000000000000 0.000039980000
128.000000000000 8.000000000000 16.000000000000 0.000052160000
1.000000000000 16.000000000000 32.000000000000 0.000046160000
8.000000000000 4.000000000000 8.000000000000 0.000053600000
1.000000000000 16.000000000000 64.000000000000 0.000028420000
16.000000000000 2.000000000000 64.000000000000 0.000062620000
16.000000000000 1.000000000000 8.000000000000 0.000036700000
8.000000000000 2.000000000000 64.000000000000 0.000079700000
64.000000000000 16.000000000000 64.000000000000 0.000053900000
32.000000000000 16.000000000000 64.000000000000 0.000031900000
128.000000000000 1.000000000000 8.000000000000 0.000038720000
8.000000000000 8.000000000000 16.000000000000 0.000041600000
8.000000000000 32.000000000000 32.000000000000 0.000029820000
16.000000000000 32.000000000000 32.000000000000 0.000027560000
32.000000000000 32.000000000000 32.000000000000 0.000027900000
64.000000000000 16.000000000000 16.000000000000 0.000044480000
64.000000000000 8.000000000000 32.000000000000 0.000038760000
8.000000000000 1.000000000000 16.000000000000 0.000096140000
64.000000000000 32.000000000000 32.000000000000 0.000030060000
64.000000000000 4.000000000000 32.000000000000 0.000049740000
16.000000000000 1.000000000000 4.000000000000 0.000025640000
64.000000000000 32.000000000000 16.000000000000 0.000039380000
64.000000000000 1.000000000000 4.000000000000 0.000059800000
128.000000000000 1.000000000000 1.000000000000 0.000043980000
64.000000000000 8.000000000000 16.000000000000 0.000077900000
2.000000000000 4.000000000000 64.000000000000 0.000044380000
4.000000000000 4.000000000000 32.000000000000 0.000044080000
8.000000000000 1.000000000000 4.000000000000 0.000089740000
16.000000000000 32.000000000000 16.000000000000 0.000046120000
16.000000000000 1.000000000000 16.000000000000 0.000160600000
1.000000000000 4.000000000000 64.000000000000 0.000024060000
8.000000000000 16.000000000000 16.000000000000 0.000049500000
4.000000000000 32.000000000000 32.000000000000 0.000033340000
32.000000000000 32.000000000000 16.000000000000 0.000037440000
128.000000000000 1.000000000000 4.000000000000 0.000035880000
64.000000000000 8.000000000000 64.000000000000 0.000034820000
2.000000000000 8.000000000000 32.000000000000 0.000032440000
64.000000000000 4.000000000000 64.000000000000 0.000050040000
128.000000000000 32.000000000000 8.000000000000 0.000059560000
16.000000000000 1.000000000000 2.000000000000 0.000140040000
128.000000000000 16.000000000000 8.000000000000 0.000056000000
128.000000000000 32.000000000000 16.000000000000 0.000046300000
64.000000000000 1.000000000000 1.000000000000 0.000087140000
4.000000000000 16.000000000000 16.000000000000 0.000054980000
8.000000000000 1.000000000000 32.000000000000 0.000108160000
8.000000000000 2.000000000000 16.000000000000 0.000076040000
4.000000000000 1.000000000000 16.000000000000 0.000089360000
128.000000000000 8.000000000000 8.000000000000 0.000052380000
128.000000000000 8.000000000000 64.000000000000 0.000058120000
1.000000000000 2.000000000000 64.000000000000 0.000045400000
4.000000000000 2.000000000000 16.000000000000 0.000077980000
64.000000000000 32.000000000000 8.000000000000 0.000064340000
64.000000000000 16.000000000000 8.000000000000 0.000074780000
1.000000000000 4.000000000000 16.000000000000 0.000040360000
8.000000000000 4.000000000000 4.000000000000 0.000095540000
8.000000000000 2.000000000000 8.000000000000 0.000081700000
1.000000000000 1.000000000000 8.000000000000 0.000084580000
1.000000000000 1.000000000000 64.000000000000 0.000079660000
128.000000000000 4.000000000000 8.000000000000 0.000062000000
32.000000000000 1.000000000000 1.000000000000 0.000021060000
64.000000000000 1.000000000000 8.000000000000 0.000078700000
64.000000000000 1.000000000000 16.000000000000 0.000141740000
4.000000000000 1.000000000000 8.000000000000 0.000090640000
1.000000000000 1.000000000000 4.000000000000 0.000096600000
8.000000000000 32.000000000000 16.000000000000 0.000052000000
128.000000000000 1.000000000000 32.000000000000 0.000063680000
1.000000000000 32.000000000000 32.000000000000 0.000051120000
2.000000000000 1.000000000000 64.000000000000 0.000051040000
1.000000000000 32.000000000000 16.000000000000 0.000035260000
128.000000000000 4.000000000000 32.000000000000 0.000092400000
32.000000000000 1.000000000000 16.000000000000 0.000122580000
128.000000000000 4.000000000000 64.000000000000 0.000085920000
2.000000000000 32.000000000000 32.000000000000 0.000053960000
4.000000000000 32.000000000000 16.000000000000 0.000058680000
4.000000000000 32.000000000000 64.000000000000 1000000000.000000000000
1.000000000000 32.000000000000 8.000000000000 0.000054260000
8.000000000000 32.000000000000 64.000000000000 1000000000.000000000000
2.000000000000 32.000000000000 16.000000000000 0.000061240000
32.000000000000 32.000000000000 64.000000000000 1000000000.000000000000
16.000000000000 1.000000000000 1.000000000000 0.000152820000
1.000000000000 2.000000000000 32.000000000000 0.000056720000
32.000000000000 32.000000000000 8.000000000000 0.000089380000
32.000000000000 2.000000000000 2.000000000000 0.000148440000
2.000000000000 1.000000000000 32.000000000000 0.000092220000
1.000000000000 4.000000000000 8.000000000000 0.000056520000
16.000000000000 32.000000000000 64.000000000000 1000000000.000000000000
8.000000000000 1.000000000000 1.000000000000 0.000099400000
16.000000000000 2.000000000000 2.000000000000 0.000133140000
8.000000000000 32.000000000000 8.000000000000 0.000098060000
1.000000000000 2.000000000000 16.000000000000 0.000053400000
64.000000000000 2.000000000000 32.000000000000 0.000179120000
128.000000000000 4.000000000000 16.000000000000 0.000071920000
2.000000000000 2.000000000000 32.000000000000 0.000070000000
2.000000000000 32.000000000000 8.000000000000 0.000092840000
16.000000000000 8.000000000000 8.000000000000 0.000079660000
16.000000000000 2.000000000000 4.000000000000 0.000112000000
32.000000000000 4.000000000000 8.000000000000 0.000069600000
128.000000000000 2.000000000000 8.000000000000 0.000105820000
2.000000000000 1.000000000000 8.000000000000 0.000090440000
1.000000000000 32.000000000000 64.000000000000 1000000000.000000000000
16.000000000000 32.000000000000 8.000000000000 0.000096860000
4.000000000000 1.000000000000 4.000000000000 0.000100560000
4.000000000000 1.000000000000 32.000000000000 0.000072780000
32.000000000000 1.000000000000 64.000000000000 0.000024920000
32.000000000000 64.000000000000 32.000000000000 1000000000.000000000000
2.000000000000 8.000000000000 2.000000000000 0.000093580000
8.000000000000 8.000000000000 2.000000000000 0.000148940000
2.000000000000 64.000000000000 1.000000000000 0.000664600000
32.000000000000 64.000000000000 1.000000000000 0.000670200000
4.000000000000 16.000000000000 8.000000000000 0.000075740000
64.000000000000 64.000000000000 32.000000000000 1000000000.000000000000
8.000000000000 64.000000000000 1.000000000000 0.000698600000
16.000000000000 64.000000000000 64.000000000000 1000000000.000000000000
16.000000000000 32.000000000000 4.000000000000 0.000153480000
16.000000000000 64.000000000000 32.000000000000 1000000000.000000000000
128.000000000000 64.000000000000 1.000000000000 0.000257280000
4.000000000000 2.000000000000 4.000000000000 0.000054920000
4.000000000000 16.000000000000 4.000000000000 0.000129560000
2.000000000000 8.000000000000 1.000000000000 0.000169960000
128.000000000000 4.000000000000 1.000000000000 0.000530420000
4.000000000000 4.000000000000 2.000000000000 0.000097600000
4.000000000000 32.000000000000 2.000000000000 0.000254920000
16.000000000000 2.000000000000 16.000000000000 0.000068860000
64.000000000000 2.000000000000 16.000000000000 0.000183080000
4.000000000000 16.000000000000 1.000000000000 0.000435000000
128.000000000000 64.000000000000 32.000000000000 1000000000.000000000000
8.000000000000 32.000000000000 1.000000000000 0.000623720000
16.000000000000 2.000000000000 1.000000000000 0.000212420000
128.000000000000 32.000000000000 4.000000000000 0.000085740000
8.000000000000 2.000000000000 4.000000000000 0.000082980000
128.000000000000 4.000000000000 4.000000000000 0.000085800000
4.000000000000 1.000000000000 1.000000000000 0.000116880000
128.000000000000 32.000000000000 2.000000000000 0.000134320000
2.000000000000 64.000000000000 32.000000000000 1000000000.000000000000
64.000000000000 32.000000000000 64.000000000000 1000000000.000000000000
64.000000000000 2.000000000000 1.000000000000 0.000255600000
1.000000000000 32.000000000000 2.000000000000 0.000065700000
64.000000000000 16.000000000000 4.000000000000 0.000148920000
1.000000000000 64.000000000000 64.000000000000 1000000000.000000000000
32.000000000000 32.000000000000 4.000000000000 0.000192820000
64.000000000000 4.000000000000 4.000000000000 0.000181320000
32.000000000000 4.000000000000 2.000000000000 0.000133660000
1.000000000000 32.000000000000 1.000000000000 0.000109020000
1.000000000000 2.000000000000 1.000000000000 0.000097760000
4.000000000000 1.000000000000 64.000000000000 0.000044880000
1.000000000000 8.000000000000 4.000000000000 0.000058320000
16.000000000000 1.000000000000 64.000000000000 0.000051620000
8.000000000000 1.000000000000 64.000000000000 0.000026100000
4.000000000000 2.000000000000 32.000000000000 0.000085380000
8.000000000000 8.000000000000 8.000000000000 0.000067960000
16.000000000000 16.000000000000 8.000000000000 0.000066580000
128.000000000000 16.000000000000 4.000000000000 0.000081120000
1.000000000000 4.000000000000 4.000000000000 0.000065820000
16.000000000000 2.000000000000 32.000000000000 0.000049760000
4.000000000000 8.000000000000 4.000000000000 0.000087800000
16.000000000000 4.000000000000 8.000000000000 0.000060980000
1.000000000000 16.000000000000 2.000000000000 0.000040960000
2.000000000000 2.000000000000 16.000000000000 0.000061160000
1.000000000000 1.000000000000 16.000000000000 0.000094280000
2.000000000000 8.000000000000 4.000000000000 0.000081040000
16.000000000000 2.000000000000 8.000000000000 0.000069160000
32.000000000000 1.000000000000 32.000000000000 0.000165980000
2.000000000000 16.000000000000 4.000000000000 0.000090180000
32.000000000000 16.000000000000 4.000000000000 0.000137280000
64.000000000000 8.000000000000 2.000000000000 0.000195100000
32.000000000000 64.000000000000 64.000000000000 1000000000.000000000000
4.000000000000 4.000000000000 4.000000000000 0.000074400000
32.000000000000 64.000000000000 16.000000000000 0.000326640000
2.000000000000 32.000000000000 4.000000000000 0.000142360000
4.000000000000 64.000000000000 32.000000000000 1000000000.000000000000
64.000000000000 4.000000000000 8.000000000000 0.000116260000
128.000000000000 2.000000000000 64.000000000000 0.000172020000
32.000000000000 2.000000000000 8.000000000000 0.000098280000
16.000000000000 16.000000000000 1.000000000000 0.000330640000
4.000000000000 32.000000000000 1.000000000000 0.000599740000
2.000000000000 2.000000000000 4.000000000000 0.000072360000
4.000000000000 32.000000000000 8.000000000000 0.000087800000
4.000000000000 64.000000000000 16.000000000000 0.000433660000
16.000000000000 4.000000000000 4.000000000000 0.000048720000
1.000000000000 16.000000000000 1.000000000000 0.000108760000
16.000000000000 16.000000000000 4.000000000000 0.000105240000
1.000000000000 4.000000000000 1.000000000000 0.000115780000
64.000000000000 64.000000000000 8.000000000000 0.000211360000
32.000000000000 2.000000000000 16.000000000000 0.000098980000
8.000000000000 16.000000000000 1.000000000000 0.000435780000
1.000000000000 64.000000000000 1.000000000000 0.000073700000
32.000000000000 64.000000000000 2.000000000000 0.000471380000
16.000000000000 8.000000000000 2.000000000000 0.000132180000
16.000000000000 16.000000000000 2.000000000000 0.000226060000
2.000000000000 2.000000000000 2.000000000000 0.000078360000
64.000000000000 8.000000000000 4.000000000000 0.000133500000
64.000000000000 1.000000000000 32.000000000000 0.000244060000
128.000000000000 32.000000000000 1.000000000000 0.000235820000
64.000000000000 32.000000000000 2.000000000000 0.000436400000
64.000000000000 4.000000000000 1.000000000000 0.000350540000
32.000000000000 32.000000000000 1.000000000000 0.000595820000
2.000000000000 64.000000000000 8.000000000000 0.000491920000
8.000000000000 8.000000000000 1.000000000000 0.000316240000
2.000000000000 2.000000000000 8.000000000000 0.000057380000
8.000000000000 64.000000000000 16.000000000000 0.000506200000
128.000000000000 2.000000000000 2.000000000000 0.000137720000
64.000000000000 64.000000000000 16.000000000000 0.000223300000
4.000000000000 8.000000000000 1.000000000000 0.000211080000
32.000000000000 16.000000000000 2.000000000000 0.000205120000
1.000000000000 8.000000000000 2.000000000000 0.000039640000
1.000000000000 4.000000000000 2.000000000000 0.000155820000
64.000000000000 1.000000000000 64.000000000000 0.000096860000
32.000000000000 4.000000000000 4.000000000000 0.000199880000
1.000000000000 2.000000000000 2.000000000000 0.000072840000
2.000000000000 1.000000000000 2.000000000000 0.000097120000
2.000000000000 4.000000000000 4.000000000000 0.000057980000
1.000000000000 64.000000000000 4.000000000000 0.000042860000
32.000000000000 64.000000000000 4.000000000000 0.000394180000
64.000000000000 16.000000000000 1.000000000000 0.000475580000
2.000000000000 64.000000000000 64.000000000000 1000000000.000000000000
8.000000000000 2.000000000000 2.000000000000 0.000121360000
4.000000000000 2.000000000000 1.000000000000 0.000144060000
8.000000000000 64.000000000000 8.000000000000 0.000582200000
64.000000000000 2.000000000000 64.000000000000 0.000181200000
64.000000000000 2.000000000000 4.000000000000 0.000116360000
16.000000000000 64.000000000000 2.000000000000 0.000465480000
16.000000000000 8.000000000000 1.000000000000 0.000221920000
2.000000000000 64.000000000000 2.000000000000 0.000650480000
32.000000000000 4.000000000000 1.000000000000 0.000271940000
8.000000000000 64.000000000000 2.000000000000 0.000588840000
128.000000000000 2.000000000000 32.000000000000 0.000154920000
1.000000000000 64.000000000000 16.000000000000 0.000037100000
32.000000000000 16.000000000000 1.000000000000 0.000341400000
4.000000000000 2.000000000000 2.000000000000 0.000080180000
1.000000000000 64.000000000000 32.000000000000 0.000036880000
1.000000000000 1.000000000000 32.000000000000 0.000060880000
8.000000000000 64.000000000000 4.000000000000 0.000576440000
32.000000000000 8.000000000000 2.000000000000 0.000181860000
4.000000000000 1.000000000000 2.000000000000 0.000107300000
1.000000000000 1.000000000000 1.000000000000 0.000065320000
128.000000000000 64.000000000000 8.000000000000 0.000362820000
1.000000000000 64.000000000000 8.000000000000 0.000038260000
128.000000000000 64.000000000000 2.000000000000 0.000298360000
128.000000000000 64.000000000000 16.000000000000 0.000359680000
128.000000000000 2.000000000000 16.000000000000 0.000122900000
4.000000000000 64.000000000000 1.000000000000 0.000765440000
4.000000000000 64.000000000000 2.000000000000 0.000552160000
128.000000000000 32.000000000000 64.000000000000 1000000000.000000000000
8.000000000000 2.000000000000 1.000000000000 0.000172880000
16.000000000000 64.000000000000 4.000000000000 0.000481860000
64.000000000000 2.000000000000 2.000000000000 0.000257040000
1.000000000000 64.000000000000 2.000000000000 0.000080300000
8.000000000000 8.000000000000 4.000000000000 0.000121740000
4.000000000000 64.000000000000 64.000000000000 1000000000.000000000000
128.000000000000 8.000000000000 1.000000000000 0.000212200000
2.000000000000 16.000000000000 2.000000000000 0.000128980000
2.000000000000 32.000000000000 2.000000000000 0.000244040000
128.000000000000 4.000000000000 2.000000000000 0.000134560000
16.000000000000 64.000000000000 16.000000000000 0.000352460000
8.000000000000 4.000000000000 2.000000000000 0.000141860000
16.000000000000 8.000000000000 4.000000000000 0.000079380000
2.000000000000 1.000000000000 4.000000000000 0.000085000000
128.000000000000 64.000000000000 64.000000000000 1000000000.000000000000
128.000000000000 2.000000000000 1.000000000000 0.000215220000
4.000000000000 4.000000000000 1.000000000000 0.000149360000
64.000000000000 16.000000000000 2.000000000000 0.000266480000
1.000000000000 8.000000000000 1.000000000000 0.000109880000
16.000000000000 4.000000000000 2.000000000000 0.000131060000
4.000000000000 64.000000000000 4.000000000000 0.000589780000
32.000000000000 32.000000000000 2.000000000000 0.000331180000
64.000000000000 64.000000000000 64.000000000000 1000000000.000000000000
16.000000000000 64.000000000000 1.000000000000 0.000751040000
4.000000000000 8.000000000000 2.000000000000 0.000104740000
2.000000000000 64.000000000000 16.000000000000 0.000569780000
16.000000000000 4.000000000000 1.000000000000 0.000220860000
4.000000000000 32.000000000000 4.000000000000 0.000159100000
8.000000000000 16.000000000000 4.000000000000 0.000139940000
