1.000000000000 64.000000000000 128.000000000000 0.000119480000
64.000000000000 1.000000000000 2.000000000000 0.000034780000
32.000000000000 16.000000000000 64.000000000000 0.000246440000
64.000000000000 32.000000000000 4.000000000000 0.000355480000
4.000000000000 64.000000000000 1.000000000000 0.001603420000
32.000000000000 16.000000000000 4.000000000000 0.000306080000
32.000000000000 2.000000000000 64.000000000000 0.000198420000
64.000000000000 4.000000000000 16.000000000000 0.000339080000
8.000000000000 4.000000000000 64.000000000000 0.000103160000
64.000000000000 2.000000000000 2.000000000000 0.000135120000
4.000000000000 8.000000000000 8.000000000000 0.000159840000
64.000000000000 64.000000000000 64.000000000000 0.000345400000
32.000000000000 16.000000000000 1.000000000000 0.000579520000
64.000000000000 1.000000000000 4.000000000000 0.000033680000
16.000000000000 32.000000000000 1.000000000000 0.001390720000
32.000000000000 2.000000000000 1.000000000000 0.000368440000
64.000000000000 4.000000000000 64.000000000000 0.000332100000
2.000000000000 16.000000000000 1.000000000000 0.000576580000
2.000000000000 16.000000000000 32.000000000000 0.000128840000
2.000000000000 8.000000000000 64.000000000000 0.000123280000
4.000000000000 8.000000000000 2.000000000000 0.000284180000
1.000000000000 4.000000000000 1.000000000000 0.000118800000
16.000000000000 32.000000000000 8.000000000000 0.000276440000
64.000000000000 64.000000000000 128.000000000000 0.000344080000
1.000000000000 2.000000000000 32.000000000000 0.000067580000
16.000000000000 1.000000000000 1.000000000000 0.000141240000
64.000000000000 32.000000000000 1.000000000000 0.000236860000
8.000000000000 2.000000000000 2.000000000000 0.000110480000
64.000000000000 8.000000000000 8.000000000000 0.000314260000
8.000000000000 16.000000000000 8.000000000000 0.000208520000
4.000000000000 32.000000000000 32.000000000000 0.000085100000
16.000000000000 4.000000000000 2.000000000000 0.000412460000
2.000000000000 8.000000000000 1.000000000000 0.000364620000
16.000000000000 2.000000000000 128.000000000000 0.000186320000
1.000000000000 16.000000000000 8.000000000000 0.000113360000
32.000000000000 4.000000000000 64.000000000000 0.000278300000
8.000000000000 32.000000000000 4.000000000000 0.000428800000
1.000000000000 1.000000000000 16.000000000000 0.000087500000
8.000000000000 32.000000000000 8.000000000000 0.000224540000
64.000000000000 2.000000000000 8.000000000000 0.000108840000
32.000000000000 32.000000000000 1.000000000000 0.001037020000
64.000000000000 16.000000000000 64.000000000000 0.000307860000
2.000000000000 2.000000000000 4.000000000000 0.000100080000
2.000000000000 16.000000000000 64.000000000000 0.000107980000
1.000000000000 64.000000000000 2.000000000000 0.000118340000
4.000000000000 2.000000000000 4.000000000000 0.000097680000
32.000000000000 2.000000000000 32.000000000000 0.000159080000
32.000000000000 8.000000000000 32.000000000000 0.000258720000
16.000000000000 2.000000000000 8.000000000000 0.000143860000
4.000000000000 32.000000000000 16.000000000000 0.000142140000
32.000000000000 8.000000000000 1.000000000000 0.000501140000
4.000000000000 4.000000000000 32.000000000000 0.000085580000
64.000000000000 32.000000000000 32.000000000000 0.000316160000
4.000000000000 4.000000000000 16.000000000000 0.000110340000
16.000000000000 16.000000000000 64.000000000000 0.000086360000
2.000000000000 2.000000000000 32.000000000000 0.000128780000
2.000000000000 32.000000000000 2.000000000000 0.000655360000
1.000000000000 4.000000000000 32.000000000000 0.000117700000
16.000000000000 64.000000000000 2.000000000000 0.000830660000
64.000000000000 1.000000000000 64.000000000000 0.000345320000
8.000000000000 2.000000000000 4.000000000000 0.000145720000
64.000000000000 4.000000000000 32.000000000000 0.000332040000
64.000000000000 4.000000000000 1.000000000000 0.000236840000
2.000000000000 16.000000000000 2.000000000000 0.000308740000
64.000000000000 16.000000000000 1.000000000000 0.000209760000
4.000000000000 16.000000000000 1.000000000000 0.000905140000
4.000000000000 2.000000000000 16.000000000000 0.000076800000
4.000000000000 2.000000000000 64.000000000000 0.000109800000
16.000000000000 64.000000000000 16.000000000000 0.000212580000
4.000000000000 64.000000000000 4.000000000000 0.000435500000
8.000000000000 4.000000000000 32.000000000000 0.000148760000
64.000000000000 64.000000000000 32.000000000000 0.000349640000
1.000000000000 1.000000000000 4.000000000000 0.000084700000
1.000000000000 1.000000000000 2.000000000000 0.000112760000
1.000000000000 2.000000000000 2.000000000000 0.000077940000
1.000000000000 2.000000000000 8.000000000000 0.000068260000
1.000000000000 1.000000000000 8.000000000000 0.000101400000
4.000000000000 1.000000000000 4.000000000000 0.000070740000
1.000000000000 2.000000000000 4.000000000000 0.000074460000
1.000000000000 2.000000000000 16.000000000000 0.000064220000
2.000000000000 1.000000000000 4.000000000000 0.000075560000
8.000000000000 1.000000000000 2.000000000000 0.000118180000
1.000000000000 1.000000000000 1.000000000000 0.000111640000
8.000000000000 16.000000000000 64.000000000000 0.000134320000
4.000000000000 2.000000000000 2.000000000000 0.000170580000
4.000000000000 16.000000000000 64.000000000000 0.000114220000
4.000000000000 1.000000000000 2.000000000000 0.000061280000
1.000000000000 2.000000000000 1.000000000000 0.000096800000
8.000000000000 1.000000000000 4.000000000000 0.000126900000
4.000000000000 16.000000000000 32.000000000000 0.000112460000
4.000000000000 8.000000000000 64.000000000000 0.000146060000
2.000000000000 2.000000000000 8.000000000000 0.000096840000
1.000000000000 1.000000000000 32.000000000000 0.000115780000
1.000000000000 8.000000000000 16.000000000000 0.000069960000
2.000000000000 1.000000000000 8.000000000000 0.000117560000
2.000000000000 1.000000000000 2.000000000000 0.000131820000
1.000000000000 4.000000000000 8.000000000000 0.000075440000
64.000000000000 1.000000000000 1.000000000000 0.000042360000
4.000000000000 2.000000000000 8.000000000000 0.000098100000
4.000000000000 4.000000000000 64.000000000000 0.000126440000
4.000000000000 8.000000000000 32.000000000000 0.000080040000
4.000000000000 32.000000000000 64.000000000000 0.000113800000
64.000000000000 1.000000000000 8.000000000000 0.000042420000
4.000000000000 2.000000000000 32.000000000000 0.000092660000
1.000000000000 4.000000000000 4.000000000000 0.000068560000
8.000000000000 8.000000000000 64.000000000000 0.000125280000
1.000000000000 64.000000000000 8.000000000000 0.000133420000
8.000000000000 16.000000000000 32.000000000000 0.000087980000
2.000000000000 4.000000000000 64.000000000000 0.000132680000
8.000000000000 32.000000000000 64.000000000000 0.000141240000
8.000000000000 1.000000000000 1.000000000000 0.000140800000
4.000000000000 1.000000000000 16.000000000000 0.000116020000
1.000000000000 2.000000000000 64.000000000000 0.000101520000
2.000000000000 2.000000000000 2.000000000000 0.000131320000
1.000000000000 8.000000000000 4.000000000000 0.000060400000
8.000000000000 2.000000000000 64.000000000000 0.000171400000
16.000000000000 8.000000000000 64.000000000000 0.000160560000
1.000000000000 8.000000000000 32.000000000000 0.000058880000
2.000000000000 2.000000000000 16.000000000000 0.000091080000
2.000000000000 1.000000000000 16.000000000000 0.000120140000
1.000000000000 4.000000000000 16.000000000000 0.000116740000
4.000000000000 1.000000000000 32.000000000000 0.000126980000
16.000000000000 16.000000000000 32.000000000000 0.000094860000
4.000000000000 8.000000000000 16.000000000000 0.000114120000
4.000000000000 1.000000000000 8.000000000000 0.000113760000
4.000000000000 64.000000000000 64.000000000000 0.000103660000
8.000000000000 1.000000000000 16.000000000000 0.000175360000
2.000000000000 64.000000000000 64.000000000000 0.000123800000
1.000000000000 64.000000000000 16.000000000000 0.000101740000
1.000000000000 4.000000000000 2.000000000000 0.000083000000
4.000000000000 64.000000000000 32.000000000000 0.000134760000
1.000000000000 8.000000000000 64.000000000000 0.000110600000
1.000000000000 32.000000000000 32.000000000000 0.000090820000
1.000000000000 8.000000000000 2.000000000000 0.000079600000
1.000000000000 16.000000000000 2.000000000000 0.000075020000
1.000000000000 32.000000000000 64.000000000000 0.000064280000
1.000000000000 64.000000000000 64.000000000000 0.000071400000
1.000000000000 16.000000000000 16.000000000000 0.000059420000
1.000000000000 8.000000000000 8.000000000000 0.000059260000
1.000000000000 16.000000000000 64.000000000000 0.000108520000
1.000000000000 8.000000000000 128.000000000000 0.000077600000
1.000000000000 16.000000000000 32.000000000000 0.000060240000
1.000000000000 16.000000000000 128.000000000000 0.000113420000
1.000000000000 16.000000000000 4.000000000000 0.000106380000
1.000000000000 32.000000000000 128.000000000000 0.000111900000
1.000000000000 2.000000000000 128.000000000000 0.000068580000
1.000000000000 64.000000000000 32.000000000000 0.000116480000
2.000000000000 8.000000000000 32.000000000000 0.000076040000
2.000000000000 32.000000000000 32.000000000000 0.000087460000
1.000000000000 8.000000000000 1.000000000000 0.000112720000
64.000000000000 2.000000000000 4.000000000000 0.000103920000
2.000000000000 32.000000000000 64.000000000000 0.000124380000
1.000000000000 16.000000000000 1.000000000000 0.000113420000
1.000000000000 4.000000000000 64.000000000000 0.000122140000
2.000000000000 4.000000000000 32.000000000000 0.000128000000
1.000000000000 32.000000000000 8.000000000000 0.000066340000
2.000000000000 4.000000000000 4.000000000000 0.000191140000
8.000000000000 2.000000000000 16.000000000000 0.000115780000
1.000000000000 32.000000000000 16.000000000000 0.000066440000
8.000000000000 8.000000000000 32.000000000000 0.000127500000
4.000000000000 16.000000000000 16.000000000000 0.000134460000
64.000000000000 1.000000000000 16.000000000000 0.000051020000
16.000000000000 4.000000000000 32.000000000000 0.000139620000
1.000000000000 32.000000000000 1.000000000000 0.000063620000
4.000000000000 4.000000000000 8.000000000000 0.000141260000
16.000000000000 32.000000000000 32.000000000000 0.000156240000
64.000000000000 2.000000000000 1.000000000000 0.000196700000
8.000000000000 32.000000000000 32.000000000000 0.000145440000
2.000000000000 1.000000000000 32.000000000000 0.000141400000
1.000000000000 32.000000000000 4.000000000000 0.000112140000
2.000000000000 4.000000000000 8.000000000000 0.000078100000
16.000000000000 8.000000000000 32.000000000000 0.000127740000
16.000000000000 1.000000000000 4.000000000000 0.000031240000
1.000000000000 4.000000000000 128.000000000000 0.000115720000
2.000000000000 8.000000000000 16.000000000000 0.000127180000
2.000000000000 4.000000000000 16.000000000000 0.000129580000
8.000000000000 2.000000000000 32.000000000000 0.000163140000
2.000000000000 8.000000000000 4.000000000000 0.000149840000
8.000000000000 16.000000000000 16.000000000000 0.000139940000
2.000000000000 8.000000000000 128.000000000000 0.000103540000
8.000000000000 2.000000000000 8.000000000000 0.000087000000
4.000000000000 2.000000000000 128.000000000000 0.000119960000
4.000000000000 4.000000000000 128.000000000000 0.000127420000
2.000000000000 64.000000000000 32.000000000000 0.000148180000
2.000000000000 2.000000000000 64.000000000000 0.000123060000
2.000000000000 16.000000000000 16.000000000000 0.000140740000
16.000000000000 32.000000000000 64.000000000000 0.000154380000
1.000000000000 64.000000000000 4.000000000000 0.000118460000
16.000000000000 16.000000000000 16.000000000000 0.000169200000
16.000000000000 4.000000000000 64.000000000000 0.000167380000
1.000000000000 32.000000000000 2.000000000000 0.000082360000
64.000000000000 2.000000000000 16.000000000000 0.000140520000
16.000000000000 1.000000000000 16.000000000000 0.000126380000
16.000000000000 1.000000000000 8.000000000000 0.000032440000
8.000000000000 1.000000000000 8.000000000000 0.000028380000
4.000000000000 8.000000000000 128.000000000000 0.000122140000
32.000000000000 1.000000000000 8.000000000000 0.000097820000
16.000000000000 1.000000000000 2.000000000000 0.000021460000
32.000000000000 1.000000000000 4.000000000000 0.000032640000
2.000000000000 16.000000000000 128.000000000000 0.000066800000
2.000000000000 2.000000000000 128.000000000000 0.000128420000
32.000000000000 1.000000000000 16.000000000000 0.000183360000
4.000000000000 16.000000000000 128.000000000000 0.000105740000
8.000000000000 16.000000000000 128.000000000000 0.000159480000
2.000000000000 32.000000000000 128.000000000000 0.000111720000
4.000000000000 32.000000000000 128.000000000000 0.000070200000
4.000000000000 4.000000000000 4.000000000000 0.000150420000
1.000000000000 1.000000000000 128.000000000000 0.000090940000
8.000000000000 2.000000000000 128.000000000000 0.000170660000
1.000000000000 1.000000000000 64.000000000000 0.000097700000
2.000000000000 64.000000000000 128.000000000000 0.000129060000
4.000000000000 8.000000000000 4.000000000000 0.000208720000
16.000000000000 2.000000000000 4.000000000000 0.000279480000
16.000000000000 1.000000000000 32.000000000000 0.000124800000
4.000000000000 1.000000000000 1.000000000000 0.000071740000
4.000000000000 1.000000000000 128.000000000000 0.000104680000
16.000000000000 2.000000000000 16.000000000000 0.000074200000
2.000000000000 8.000000000000 8.000000000000 0.000158800000
64.000000000000 64.000000000000 4.000000000000 0.000451120000
8.000000000000 8.000000000000 1.000000000000 0.000599540000
2.000000000000 8.000000000000 2.000000000000 0.000255580000
64.000000000000 16.000000000000 32.000000000000 0.000308440000
16.000000000000 4.000000000000 1.000000000000 0.000611740000
32.000000000000 16.000000000000 8.000000000000 0.000206260000
32.000000000000 64.000000000000 4.000000000000 0.000593880000
64.000000000000 32.000000000000 128.000000000000 0.000313340000
32.000000000000 1.000000000000 2.000000000000 0.000033000000
64.000000000000 8.000000000000 128.000000000000 0.000314320000
64.000000000000 8.000000000000 64.000000000000 0.000315180000
64.000000000000 64.000000000000 8.000000000000 0.000392620000
64.000000000000 16.000000000000 16.000000000000 0.000308660000
32.000000000000 2.000000000000 128.000000000000 0.000292000000
16.000000000000 32.000000000000 16.000000000000 0.000192160000
32.000000000000 32.000000000000 128.000000000000 0.000166000000
16.000000000000 32.000000000000 4.000000000000 0.000410880000
32.000000000000 1.000000000000 64.000000000000 0.000211080000
32.000000000000 8.000000000000 2.000000000000 0.000433100000
4.000000000000 32.000000000000 2.000000000000 0.000673980000
8.000000000000 8.000000000000 16.000000000000 0.000160460000
2.000000000000 16.000000000000 8.000000000000 0.000174340000
8.000000000000 2.000000000000 1.000000000000 0.000140680000
2.000000000000 64.000000000000 1.000000000000 0.001632480000
8.000000000000 8.000000000000 2.000000000000 0.000430040000
32.000000000000 4.000000000000 16.000000000000 0.000191900000
8.000000000000 64.000000000000 2.000000000000 0.000790220000
64.000000000000 8.000000000000 4.000000000000 0.000082260000
32.000000000000 32.000000000000 64.000000000000 0.000280080000
32.000000000000 1.000000000000 32.000000000000 0.000206060000
32.000000000000 8.000000000000 4.000000000000 0.000142880000
2.000000000000 4.000000000000 1.000000000000 0.000281380000
2.000000000000 1.000000000000 1.000000000000 0.000134440000
4.000000000000 16.000000000000 8.000000000000 0.000171580000
64.000000000000 64.000000000000 2.000000000000 0.000558020000
8.000000000000 4.000000000000 16.000000000000 0.000191100000
32.000000000000 16.000000000000 128.000000000000 0.000247860000
16.000000000000 16.000000000000 2.000000000000 0.000561340000
8.000000000000 1.000000000000 32.000000000000 0.000130220000
2.000000000000 1.000000000000 128.000000000000 0.000102440000
4.000000000000 4.000000000000 2.000000000000 0.000257700000
64.000000000000 32.000000000000 64.000000000000 0.000313740000
32.000000000000 64.000000000000 8.000000000000 0.000353340000
8.000000000000 16.000000000000 4.000000000000 0.000266540000
64.000000000000 8.000000000000 2.000000000000 0.000122040000
16.000000000000 16.000000000000 128.000000000000 0.000124340000
64.000000000000 4.000000000000 4.000000000000 0.000084680000
32.000000000000 1.000000000000 1.000000000000 0.000088340000
2.000000000000 4.000000000000 128.000000000000 0.000098500000
16.000000000000 1.000000000000 128.000000000000 0.000213580000
2.000000000000 2.000000000000 1.000000000000 0.000357340000
64.000000000000 1.000000000000 32.000000000000 0.000064680000
8.000000000000 1.000000000000 128.000000000000 0.000197020000
64.000000000000 4.000000000000 8.000000000000 0.000064280000
4.000000000000 64.000000000000 128.000000000000 0.000128620000
32.000000000000 2.000000000000 4.000000000000 0.000153760000
64.000000000000 4.000000000000 2.000000000000 0.000135160000
1.000000000000 64.000000000000 1.000000000000 0.000115760000
4.000000000000 2.000000000000 1.000000000000 0.000196420000
4.000000000000 1.000000000000 64.000000000000 0.000135800000
16.000000000000 8.000000000000 16.000000000000 0.000150840000
16.000000000000 8.000000000000 128.000000000000 0.000131540000
8.000000000000 8.000000000000 128.000000000000 0.000090060000
32.000000000000 2.000000000000 16.000000000000 0.000194560000
16.000000000000 2.000000000000 32.000000000000 0.000169000000
8.000000000000 32.000000000000 128.000000000000 0.000092140000
64.000000000000 1.000000000000 128.000000000000 0.000430780000
16.000000000000 64.000000000000 8.000000000000 0.000290100000
64.000000000000 8.000000000000 32.000000000000 0.000313320000
32.000000000000 64.000000000000 128.000000000000 0.000337100000
32.000000000000 4.000000000000 2.000000000000 0.000242260000
32.000000000000 8.000000000000 8.000000000000 0.000274000000
8.000000000000 1.000000000000 64.000000000000 0.000194680000
16.000000000000 8.000000000000 4.000000000000 0.000236380000
8.000000000000 64.000000000000 32.000000000000 0.000194900000
64.000000000000 32.000000000000 16.000000000000 0.000321060000
8.000000000000 4.000000000000 128.000000000000 0.000149620000
8.000000000000 4.000000000000 1.000000000000 0.000159420000
64.000000000000 2.000000000000 128.000000000000 0.000373160000
16.000000000000 32.000000000000 128.000000000000 0.000144080000
8.000000000000 64.000000000000 128.000000000000 0.000095520000
2.000000000000 64.000000000000 4.000000000000 0.000444340000
16.000000000000 1.000000000000 64.000000000000 0.000204640000
32.000000000000 4.000000000000 4.000000000000 0.000171000000
4.000000000000 32.000000000000 1.000000000000 0.001305140000
64.000000000000 4.000000000000 128.000000000000 0.000323060000
32.000000000000 2.000000000000 8.000000000000 0.000184360000
8.000000000000 64.000000000000 16.000000000000 0.000191400000
8.000000000000 64.000000000000 4.000000000000 0.000458860000
16.000000000000 16.000000000000 4.000000000000 0.000350600000
16.000000000000 16.000000000000 8.000000000000 0.000254180000
8.000000000000 32.000000000000 1.000000000000 0.001226280000
8.000000000000 8.000000000000 8.000000000000 0.000185860000
64.000000000000 2.000000000000 32.000000000000 0.000289880000
4.000000000000 64.000000000000 16.000000000000 0.000176460000
32.000000000000 4.000000000000 32.000000000000 0.000198460000
16.000000000000 64.000000000000 64.000000000000 0.000179960000
64.000000000000 8.000000000000 1.000000000000 0.000219600000
2.000000000000 32.000000000000 16.000000000000 0.000140060000
32.000000000000 64.000000000000 2.000000000000 0.000601580000
16.000000000000 64.000000000000 32.000000000000 0.000187200000
16.000000000000 2.000000000000 64.000000000000 0.000149380000
64.000000000000 16.000000000000 2.000000000000 0.000124820000
32.000000000000 2.000000000000 2.000000000000 0.000295020000
32.000000000000 8.000000000000 64.000000000000 0.000248080000
32.000000000000 32.000000000000 32.000000000000 0.000270360000
16.000000000000 4.000000000000 8.000000000000 0.000112320000
8.000000000000 4.000000000000 8.000000000000 0.000173520000
2.000000000000 4.000000000000 2.000000000000 0.000219280000
64.000000000000 8.000000000000 16.000000000000 0.000314200000
32.000000000000 4.000000000000 128.000000000000 0.000280820000
32.000000000000 16.000000000000 32.000000000000 0.000250440000
16.000000000000 4.000000000000 4.000000000000 0.000213800000
32.000000000000 64.000000000000 64.000000000000 0.000245400000
2.000000000000 16.000000000000 4.000000000000 0.000267720000
32.000000000000 32.000000000000 8.000000000000 0.000315260000
16.000000000000 64.000000000000 1.000000000000 0.001358660000
8.000000000000 32.000000000000 2.000000000000 0.000649180000
16.000000000000 64.000000000000 128.000000000000 0.000163100000
4.000000000000 32.000000000000 4.000000000000 0.000339540000
4.000000000000 64.000000000000 2.000000000000 0.000946420000
2.000000000000 32.000000000000 8.000000000000 0.000201760000
2.000000000000 64.000000000000 8.000000000000 0.000219020000
32.000000000000 8.000000000000 16.000000000000 0.000314820000
2.000000000000 1.000000000000 64.000000000000 0.000141820000
64.000000000000 64.000000000000 16.000000000000 0.000364020000
32.000000000000 64.000000000000 1.000000000000 0.000930360000
8.000000000000 4.000000000000 2.000000000000 0.000436800000
8.000000000000 8.000000000000 4.000000000000 0.000144940000
16.000000000000 16.000000000000 1.000000000000 0.000989740000
64.000000000000 64.000000000000 1.000000000000 0.000240460000
4.000000000000 8.000000000000 1.000000000000 0.000499520000
16.000000000000 8.000000000000 8.000000000000 0.000209100000
2.000000000000 32.000000000000 4.000000000000 0.000331260000
16.000000000000 2.000000000000 2.000000000000 0.000232500000
2.000000000000 64.000000000000 16.000000000000 0.000170720000
64.000000000000 32.000000000000 8.000000000000 0.000333260000
8.000000000000 32.000000000000 16.000000000000 0.000170720000
32.000000000000 4.000000000000 8.000000000000 0.000123940000
4.000000000000 32.000000000000 8.000000000000 0.000202900000
4.000000000000 16.000000000000 4.000000000000 0.000282800000
8.000000000000 4.000000000000 4.000000000000 0.000203580000
64.000000000000 16.000000000000 4.000000000000 0.000314260000
64.000000000000 32.000000000000 2.000000000000 0.000391420000
8.000000000000 64.000000000000 1.000000000000 0.001376160000
16.000000000000 2.000000000000 1.000000000000 0.000350960000
32.000000000000 8.000000000000 128.000000000000 0.000246260000
32.000000000000 64.000000000000 32.000000000000 0.000352240000
64.000000000000 16.000000000000 128.000000000000 0.000309740000
8.000000000000 64.000000000000 8.000000000000 0.000303620000
32.000000000000 32.000000000000 4.000000000000 0.000476420000
32.000000000000 16.000000000000 16.000000000000 0.000166080000
8.000000000000 16.000000000000 1.000000000000 0.000994760000
32.000000000000 32.000000000000 2.000000000000 0.000713580000
4.000000000000 4.000000000000 1.000000000000 0.000389220000
16.000000000000 8.000000000000 2.000000000000 0.000425740000
16.000000000000 8.000000000000 1.000000000000 0.000885160000
32.000000000000 32.000000000000 16.000000000000 0.000305760000
16.000000000000 4.000000000000 16.000000000000 0.000192380000
16.000000000000 4.000000000000 128.000000000000 0.000118300000
32.000000000000 64.000000000000 16.000000000000 0.000390120000
4.000000000000 64.000000000000 8.000000000000 0.000261640000
2.000000000000 32.000000000000 1.000000000000 0.001088240000
32.000000000000 1.000000000000 128.000000000000 0.000338000000
2.000000000000 64.000000000000 2.000000000000 0.000868300000
8.000000000000 16.000000000000 2.000000000000 0.000436180000
8.000000000000 64.000000000000 64.000000000000 0.000178480000
32.000000000000 4.000000000000 1.000000000000 0.000279140000
16.000000000000 32.000000000000 2.000000000000 0.000787200000
64.000000000000 16.000000000000 8.000000000000 0.000311240000
4.000000000000 16.000000000000 2.000000000000 0.000519020000
32.000000000000 16.000000000000 2.000000000000 0.000436460000
16.000000000000 64.000000000000 4.000000000000 0.000438060000
64.000000000000 2.000000000000 64.000000000000 0.000332180000
