16.000000000000 128.000000000000 1.000000000000 0.000928420000
64.000000000000 32.000000000000 32.000000000000 0.000042160000
4.000000000000 8.000000000000 1.000000000000 0.000352800000
32.000000000000 64.000000000000 1.000000000000 0.000873860000
4.000000000000 64.000000000000 4.000000000000 0.000837320000
16.000000000000 1.000000000000 64.000000000000 0.000052640000
4.000000000000 8.000000000000 16.000000000000 0.000056600000
16.000000000000 1.000000000000 32.000000000000 0.000127480000
64.000000000000 8.000000000000 2.000000000000 0.000115160000
1.000000000000 4.000000000000 32.000000000000 0.000049200000
4.000000000000 1.000000000000 64.000000000000 0.000032960000
1.000000000000 8.000000000000 16.000000000000 0.000049580000
4.000000000000 2.000000000000 1.000000000000 0.000194000000
4.000000000000 2.000000000000 2.000000000000 0.000102500000
8.000000000000 2.000000000000 4.000000000000 0.000166700000
64.000000000000 64.000000000000 16.000000000000 0.000182160000
4.000000000000 16.000000000000 4.000000000000 0.000185180000
32.000000000000 1.000000000000 1.000000000000 0.000084060000
8.000000000000 128.000000000000 4.000000000000 0.001086440000
2.000000000000 128.000000000000 64.000000000000 1000000000.000000000000
16.000000000000 4.000000000000 32.000000000000 0.000067740000
16.000000000000 16.000000000000 8.000000000000 0.000112220000
32.000000000000 16.000000000000 32.000000000000 0.000066300000
8.000000000000 4.000000000000 64.000000000000 0.000056240000
16.000000000000 1.000000000000 1.000000000000 0.000156080000
4.000000000000 128.000000000000 2.000000000000 0.001349840000
16.000000000000 4.000000000000 8.000000000000 0.000092140000
8.000000000000 4.000000000000 1.000000000000 0.000177400000
32.000000000000 128.000000000000 16.000000000000 1000000000.000000000000
64.000000000000 1.000000000000 4.000000000000 0.000033540000
32.000000000000 8.000000000000 32.000000000000 0.000087840000
8.000000000000 32.000000000000 2.000000000000 0.000465760000
8.000000000000 1.000000000000 4.000000000000 0.000145260000
8.000000000000 64.000000000000 4.000000000000 0.000748560000
64.000000000000 64.000000000000 4.000000000000 0.000183820000
2.000000000000 128.000000000000 8.000000000000 0.001188200000
32.000000000000 128.000000000000 1.000000000000 0.001486080000
32.000000000000 128.000000000000 64.000000000000 1000000000.000000000000
8.000000000000 2.000000000000 16.000000000000 0.000116140000
1.000000000000 64.000000000000 32.000000000000 1000000000.000000000000
16.000000000000 8.000000000000 2.000000000000 0.000244300000
2.000000000000 2.000000000000 8.000000000000 0.000093200000
4.000000000000 32.000000000000 64.000000000000 1000000000.000000000000
32.000000000000 128.000000000000 8.000000000000 0.000591000000
16.000000000000 16.000000000000 64.000000000000 0.000029280000
1.000000000000 64.000000000000 8.000000000000 0.000075000000
2.000000000000 4.000000000000 16.000000000000 0.000060980000
16.000000000000 2.000000000000 4.000000000000 0.000198020000
64.000000000000 2.000000000000 32.000000000000 0.000154740000
32.000000000000 32.000000000000 16.000000000000 0.000084820000
1.000000000000 16.000000000000 16.000000000000 0.000026960000
1.000000000000 8.000000000000 1.000000000000 0.000110120000
64.000000000000 32.000000000000 2.000000000000 0.000131600000
16.000000000000 16.000000000000 4.000000000000 0.000214380000
64.000000000000 32.000000000000 64.000000000000 1000000000.000000000000
64.000000000000 16.000000000000 32.000000000000 0.000040980000
64.000000000000 128.000000000000 32.000000000000 1000000000.000000000000
1.000000000000 64.000000000000 1.000000000000 0.000125540000
16.000000000000 2.000000000000 8.000000000000 0.000134460000
1.000000000000 4.000000000000 1.000000000000 0.000118740000
8.000000000000 32.000000000000 64.000000000000 1000000000.000000000000
1.000000000000 2.000000000000 64.000000000000 0.000047740000
4.000000000000 4.000000000000 64.000000000000 0.000053220000
8.000000000000 4.000000000000 4.000000000000 0.000123840000
16.000000000000 4.000000000000 2.000000000000 0.000308060000
1.000000000000 64.000000000000 2.000000000000 0.000058360000
2.000000000000 4.000000000000 4.000000000000 0.000086920000
16.000000000000 1.000000000000 16.000000000000 0.000173700000
32.000000000000 4.000000000000 4.000000000000 0.000170980000
1.000000000000 32.000000000000 8.000000000000 0.000059660000
16.000000000000 8.000000000000 1.000000000000 0.000452800000
32.000000000000 8.000000000000 2.000000000000 0.000415860000
1.000000000000 16.000000000000 8.000000000000 0.000029060000
64.000000000000 16.000000000000 16.000000000000 0.000045820000
1.000000000000 4.000000000000 64.000000000000 0.000024440000
1.000000000000 16.000000000000 32.000000000000 0.000026560000
1.000000000000 32.000000000000 16.000000000000 0.000038760000
1.000000000000 4.000000000000 16.000000000000 0.000054440000
2.000000000000 4.000000000000 64.000000000000 0.000064480000
1.000000000000 8.000000000000 64.000000000000 0.000039900000
1.000000000000 8.000000000000 32.000000000000 0.000025160000
2.000000000000 16.000000000000 32.000000000000 0.000044840000
1.000000000000 8.000000000000 8.000000000000 0.000027580000
4.000000000000 2.000000000000 64.000000000000 0.000086720000
2.000000000000 2.000000000000 64.000000000000 0.000086160000
1.000000000000 16.000000000000 64.000000000000 0.000025500000
1.000000000000 1.000000000000 64.000000000000 0.000076780000
2.000000000000 4.000000000000 32.000000000000 0.000054580000
2.000000000000 16.000000000000 16.000000000000 0.000062840000
64.000000000000 16.000000000000 8.000000000000 0.000056680000
2.000000000000 8.000000000000 64.000000000000 0.000045760000
64.000000000000 4.000000000000 32.000000000000 0.000093780000
1.000000000000 4.000000000000 8.000000000000 0.000054120000
2.000000000000 8.000000000000 32.000000000000 0.000186820000
64.000000000000 1.000000000000 8.000000000000 0.000041980000
4.000000000000 4.000000000000 32.000000000000 0.000044240000
2.000000000000 16.000000000000 8.000000000000 0.000093400000
2.000000000000 1.000000000000 64.000000000000 0.000086100000
8.000000000000 2.000000000000 64.000000000000 0.000093680000
16.000000000000 4.000000000000 64.000000000000 0.000051500000
1.000000000000 2.000000000000 32.000000000000 0.000050560000
16.000000000000 2.000000000000 64.000000000000 0.000097280000
64.000000000000 1.000000000000 2.000000000000 0.000037880000
64.000000000000 8.000000000000 16.000000000000 0.000052620000
64.000000000000 32.000000000000 16.000000000000 0.000048100000
64.000000000000 8.000000000000 32.000000000000 0.000053640000
8.000000000000 1.000000000000 64.000000000000 0.000037060000
32.000000000000 16.000000000000 64.000000000000 0.000027600000
1.000000000000 32.000000000000 32.000000000000 0.000038420000
8.000000000000 4.000000000000 32.000000000000 0.000045840000
1.000000000000 2.000000000000 16.000000000000 0.000056180000
2.000000000000 8.000000000000 16.000000000000 0.000055240000
64.000000000000 1.000000000000 1.000000000000 0.000035080000
4.000000000000 8.000000000000 32.000000000000 0.000044500000
64.000000000000 16.000000000000 64.000000000000 0.000038900000
64.000000000000 4.000000000000 64.000000000000 0.000086780000
64.000000000000 2.000000000000 2.000000000000 0.000131380000
2.000000000000 8.000000000000 8.000000000000 0.000090100000
8.000000000000 8.000000000000 64.000000000000 0.000030640000
4.000000000000 16.000000000000 32.000000000000 0.000049740000
1.000000000000 1.000000000000 32.000000000000 0.000078360000
1.000000000000 16.000000000000 4.000000000000 0.000034900000
2.000000000000 16.000000000000 64.000000000000 0.000035140000
64.000000000000 2.000000000000 4.000000000000 0.000100480000
2.000000000000 4.000000000000 8.000000000000 0.000072180000
1.000000000000 32.000000000000 4.000000000000 0.000045520000
32.000000000000 4.000000000000 64.000000000000 0.000050640000
64.000000000000 1.000000000000 16.000000000000 0.000050200000
32.000000000000 16.000000000000 16.000000000000 0.000083760000
1.000000000000 8.000000000000 4.000000000000 0.000032740000
1.000000000000 1.000000000000 16.000000000000 0.000058920000
4.000000000000 16.000000000000 16.000000000000 0.000064200000
4.000000000000 8.000000000000 64.000000000000 0.000032020000
4.000000000000 16.000000000000 64.000000000000 0.000029100000
16.000000000000 8.000000000000 64.000000000000 0.000035020000
32.000000000000 8.000000000000 64.000000000000 0.000038220000
8.000000000000 16.000000000000 64.000000000000 0.000029120000
64.000000000000 8.000000000000 64.000000000000 0.000058360000
1.000000000000 16.000000000000 2.000000000000 0.000075300000
64.000000000000 1.000000000000 64.000000000000 0.000082080000
8.000000000000 16.000000000000 32.000000000000 0.000039200000
32.000000000000 32.000000000000 32.000000000000 0.000042620000
1.000000000000 8.000000000000 2.000000000000 0.000074560000
1.000000000000 4.000000000000 4.000000000000 0.000063120000
32.000000000000 1.000000000000 64.000000000000 0.000046120000
1.000000000000 32.000000000000 2.000000000000 0.000078500000
8.000000000000 8.000000000000 32.000000000000 0.000041240000
16.000000000000 16.000000000000 32.000000000000 0.000045100000
8.000000000000 8.000000000000 16.000000000000 0.000060120000
8.000000000000 1.000000000000 32.000000000000 0.000114540000
8.000000000000 4.000000000000 16.000000000000 0.000061180000
8.000000000000 16.000000000000 16.000000000000 0.000054540000
64.000000000000 1.000000000000 32.000000000000 0.000064680000
4.000000000000 32.000000000000 32.000000000000 0.000045360000
1.000000000000 32.000000000000 1.000000000000 0.000129040000
64.000000000000 8.000000000000 8.000000000000 0.000056440000
4.000000000000 4.000000000000 16.000000000000 0.000053220000
8.000000000000 32.000000000000 32.000000000000 0.000039700000
64.000000000000 16.000000000000 4.000000000000 0.000079280000
16.000000000000 8.000000000000 32.000000000000 0.000053040000
4.000000000000 1.000000000000 32.000000000000 0.000201260000
16.000000000000 32.000000000000 32.000000000000 0.000047680000
1.000000000000 16.000000000000 1.000000000000 0.000064800000
16.000000000000 8.000000000000 16.000000000000 0.000078600000
16.000000000000 4.000000000000 16.000000000000 0.000082800000
32.000000000000 2.000000000000 64.000000000000 0.000179740000
1.000000000000 64.000000000000 4.000000000000 0.000049160000
1.000000000000 1.000000000000 2.000000000000 0.000061400000
16.000000000000 16.000000000000 16.000000000000 0.000083200000
64.000000000000 8.000000000000 4.000000000000 0.000074280000
8.000000000000 4.000000000000 8.000000000000 0.000095220000
8.000000000000 32.000000000000 16.000000000000 0.000067260000
4.000000000000 4.000000000000 8.000000000000 0.000087060000
8.000000000000 1.000000000000 16.000000000000 0.000116820000
4.000000000000 8.000000000000 8.000000000000 0.000098780000
2.000000000000 32.000000000000 32.000000000000 0.000062080000
4.000000000000 1.000000000000 4.000000000000 0.000099440000
4.000000000000 2.000000000000 32.000000000000 0.000069220000
4.000000000000 1.000000000000 2.000000000000 0.000053820000
8.000000000000 1.000000000000 2.000000000000 0.000070380000
64.000000000000 2.000000000000 1.000000000000 0.000196360000
32.000000000000 16.000000000000 8.000000000000 0.000103780000
32.000000000000 8.000000000000 16.000000000000 0.000061260000
1.000000000000 1.000000000000 4.000000000000 0.000087500000
1.000000000000 4.000000000000 2.000000000000 0.000082700000
4.000000000000 32.000000000000 16.000000000000 0.000085520000
4.000000000000 2.000000000000 16.000000000000 0.000101820000
64.000000000000 2.000000000000 64.000000000000 0.000166880000
64.000000000000 4.000000000000 8.000000000000 0.000063160000
4.000000000000 1.000000000000 16.000000000000 0.000107340000
8.000000000000 8.000000000000 8.000000000000 0.000077440000
8.000000000000 2.000000000000 32.000000000000 0.000075620000
1.000000000000 2.000000000000 8.000000000000 0.000063740000
64.000000000000 4.000000000000 16.000000000000 0.000069480000
2.000000000000 1.000000000000 2.000000000000 0.000113680000
64.000000000000 2.000000000000 16.000000000000 0.000128720000
1.000000000000 1.000000000000 8.000000000000 0.000090380000
2.000000000000 32.000000000000 16.000000000000 0.000078460000
64.000000000000 32.000000000000 8.000000000000 0.000058900000
64.000000000000 4.000000000000 4.000000000000 0.000082840000
64.000000000000 2.000000000000 8.000000000000 0.000169460000
1.000000000000 2.000000000000 4.000000000000 0.000086900000
1.000000000000 1.000000000000 1.000000000000 0.000133620000
1.000000000000 64.000000000000 16.000000000000 0.000070840000
64.000000000000 64.000000000000 1.000000000000 0.000238720000
64.000000000000 128.000000000000 4.000000000000 0.000403260000
32.000000000000 16.000000000000 4.000000000000 0.000160020000
2.000000000000 128.000000000000 2.000000000000 0.001241420000
64.000000000000 16.000000000000 1.000000000000 0.000209380000
8.000000000000 16.000000000000 1.000000000000 0.000593240000
4.000000000000 16.000000000000 2.000000000000 0.000374580000
16.000000000000 16.000000000000 2.000000000000 0.000318860000
64.000000000000 128.000000000000 16.000000000000 1000000000.000000000000
16.000000000000 8.000000000000 4.000000000000 0.000129300000
32.000000000000 32.000000000000 64.000000000000 1000000000.000000000000
8.000000000000 2.000000000000 1.000000000000 0.000120760000
32.000000000000 32.000000000000 1.000000000000 0.000402720000
16.000000000000 64.000000000000 16.000000000000 0.000658780000
2.000000000000 2.000000000000 16.000000000000 0.000082560000
16.000000000000 128.000000000000 64.000000000000 1000000000.000000000000
4.000000000000 128.000000000000 4.000000000000 0.001231580000
64.000000000000 128.000000000000 1.000000000000 0.000347400000
16.000000000000 64.000000000000 1.000000000000 0.001312200000
8.000000000000 64.000000000000 1.000000000000 0.001021040000
2.000000000000 8.000000000000 4.000000000000 0.000124140000
32.000000000000 16.000000000000 2.000000000000 0.000263520000
1.000000000000 128.000000000000 2.000000000000 0.000103600000
16.000000000000 32.000000000000 64.000000000000 1000000000.000000000000
16.000000000000 32.000000000000 4.000000000000 0.000219020000
4.000000000000 64.000000000000 16.000000000000 0.000722300000
16.000000000000 1.000000000000 8.000000000000 0.000023400000
2.000000000000 64.000000000000 4.000000000000 0.001624520000
2.000000000000 32.000000000000 4.000000000000 0.000190160000
1.000000000000 128.000000000000 16.000000000000 1000000000.000000000000
32.000000000000 4.000000000000 2.000000000000 0.000214720000
4.000000000000 16.000000000000 1.000000000000 0.000709060000
8.000000000000 32.000000000000 8.000000000000 0.000128600000
8.000000000000 64.000000000000 64.000000000000 1000000000.000000000000
4.000000000000 4.000000000000 1.000000000000 0.000455540000
32.000000000000 2.000000000000 2.000000000000 0.000227420000
2.000000000000 1.000000000000 32.000000000000 0.000134100000
1.000000000000 128.000000000000 4.000000000000 0.000132300000
16.000000000000 2.000000000000 2.000000000000 0.000209140000
2.000000000000 4.000000000000 2.000000000000 0.000142560000
64.000000000000 4.000000000000 2.000000000000 0.000131700000
8.000000000000 16.000000000000 2.000000000000 0.000343140000
16.000000000000 64.000000000000 32.000000000000 1000000000.000000000000
4.000000000000 32.000000000000 4.000000000000 0.000238680000
16.000000000000 128.000000000000 16.000000000000 1000000000.000000000000
2.000000000000 32.000000000000 64.000000000000 1000000000.000000000000
16.000000000000 64.000000000000 64.000000000000 1000000000.000000000000
32.000000000000 128.000000000000 32.000000000000 1000000000.000000000000
1.000000000000 64.000000000000 64.000000000000 1000000000.000000000000
8.000000000000 128.000000000000 64.000000000000 1000000000.000000000000
8.000000000000 128.000000000000 32.000000000000 1000000000.000000000000
4.000000000000 8.000000000000 4.000000000000 0.000168500000
8.000000000000 128.000000000000 1.000000000000 0.001305100000
1.000000000000 2.000000000000 2.000000000000 0.000080280000
16.000000000000 4.000000000000 1.000000000000 0.000645740000
8.000000000000 8.000000000000 1.000000000000 0.000480000000
2.000000000000 64.000000000000 8.000000000000 0.000636520000
4.000000000000 64.000000000000 1.000000000000 0.001116280000
32.000000000000 32.000000000000 4.000000000000 0.000205280000
8.000000000000 1.000000000000 1.000000000000 0.000143440000
32.000000000000 1.000000000000 2.000000000000 0.000033460000
16.000000000000 32.000000000000 16.000000000000 0.000095300000
32.000000000000 1.000000000000 4.000000000000 0.000033260000
16.000000000000 1.000000000000 2.000000000000 0.000138260000
32.000000000000 1.000000000000 8.000000000000 0.000093500000
4.000000000000 1.000000000000 8.000000000000 0.000101300000
32.000000000000 4.000000000000 16.000000000000 0.000107820000
1.000000000000 2.000000000000 1.000000000000 0.000078980000
16.000000000000 1.000000000000 4.000000000000 0.000039380000
32.000000000000 4.000000000000 32.000000000000 0.000061100000
16.000000000000 32.000000000000 8.000000000000 0.000151180000
16.000000000000 8.000000000000 8.000000000000 0.000088700000
8.000000000000 1.000000000000 8.000000000000 0.000051500000
32.000000000000 1.000000000000 16.000000000000 0.000300940000
32.000000000000 8.000000000000 8.000000000000 0.000072740000
4.000000000000 16.000000000000 8.000000000000 0.000102360000
8.000000000000 16.000000000000 8.000000000000 0.000097700000
4.000000000000 1.000000000000 1.000000000000 0.000123860000
2.000000000000 1.000000000000 8.000000000000 0.000094660000
1.000000000000 128.000000000000 1.000000000000 0.000138920000
2.000000000000 2.000000000000 32.000000000000 0.000097320000
16.000000000000 2.000000000000 32.000000000000 0.000097160000
16.000000000000 128.000000000000 8.000000000000 0.001002160000
2.000000000000 128.000000000000 32.000000000000 1000000000.000000000000
2.000000000000 1.000000000000 4.000000000000 0.000092860000
4.000000000000 128.000000000000 16.000000000000 1000000000.000000000000
32.000000000000 128.000000000000 2.000000000000 0.000865500000
32.000000000000 32.000000000000 2.000000000000 0.000363980000
2.000000000000 1.000000000000 16.000000000000 0.000106280000
2.000000000000 8.000000000000 2.000000000000 0.000162080000
2.000000000000 2.000000000000 2.000000000000 0.000138580000
8.000000000000 4.000000000000 2.000000000000 0.000265300000
32.000000000000 64.000000000000 32.000000000000 1000000000.000000000000
2.000000000000 8.000000000000 1.000000000000 0.000250460000
4.000000000000 128.000000000000 1.000000000000 0.001481660000
32.000000000000 128.000000000000 4.000000000000 0.000859800000
2.000000000000 64.000000000000 1.000000000000 0.001012400000
1.000000000000 128.000000000000 32.000000000000 1000000000.000000000000
32.000000000000 8.000000000000 4.000000000000 0.000229800000
32.000000000000 2.000000000000 32.000000000000 0.000185600000
2.000000000000 1.000000000000 1.000000000000 0.000168580000
16.000000000000 128.000000000000 2.000000000000 0.001103300000
16.000000000000 64.000000000000 8.000000000000 0.000695880000
2.000000000000 128.000000000000 16.000000000000 1000000000.000000000000
32.000000000000 64.000000000000 16.000000000000 0.000317480000
2.000000000000 32.000000000000 1.000000000000 0.000659000000
8.000000000000 64.000000000000 8.000000000000 0.000668720000
64.000000000000 8.000000000000 1.000000000000 0.000219060000
32.000000000000 2.000000000000 4.000000000000 0.000319000000
8.000000000000 32.000000000000 4.000000000000 0.000208300000
32.000000000000 4.000000000000 1.000000000000 0.000796420000
16.000000000000 128.000000000000 4.000000000000 0.001052620000
32.000000000000 32.000000000000 8.000000000000 0.000152800000
4.000000000000 64.000000000000 64.000000000000 1000000000.000000000000
2.000000000000 64.000000000000 2.000000000000 0.000864240000
2.000000000000 32.000000000000 2.000000000000 0.000350060000
64.000000000000 64.000000000000 2.000000000000 0.000187660000
8.000000000000 64.000000000000 2.000000000000 0.000993920000
64.000000000000 128.000000000000 8.000000000000 0.000393600000
64.000000000000 64.000000000000 64.000000000000 1000000000.000000000000
64.000000000000 32.000000000000 4.000000000000 0.000085640000
2.000000000000 2.000000000000 4.000000000000 0.000090020000
8.000000000000 2.000000000000 8.000000000000 0.000112760000
64.000000000000 16.000000000000 2.000000000000 0.000116200000
2.000000000000 64.000000000000 16.000000000000 0.000619260000
4.000000000000 4.000000000000 4.000000000000 0.000070660000
16.000000000000 2.000000000000 1.000000000000 0.000260360000
16.000000000000 128.000000000000 32.000000000000 1000000000.000000000000
4.000000000000 128.000000000000 64.000000000000 1000000000.000000000000
16.000000000000 2.000000000000 16.000000000000 0.000075060000
4.000000000000 64.000000000000 2.000000000000 0.000916360000
2.000000000000 64.000000000000 32.000000000000 1000000000.000000000000
16.000000000000 64.000000000000 4.000000000000 0.000921020000
2.000000000000 2.000000000000 1.000000000000 0.000290400000
4.000000000000 128.000000000000 32.000000000000 1000000000.000000000000
32.000000000000 2.000000000000 16.000000000000 0.000181620000
32.000000000000 4.000000000000 8.000000000000 0.000206460000
8.000000000000 64.000000000000 32.000000000000 1000000000.000000000000
2.000000000000 16.000000000000 1.000000000000 0.000605940000
8.000000000000 32.000000000000 1.000000000000 0.001119800000
2.000000000000 16.000000000000 2.000000000000 0.000208900000
4.000000000000 128.000000000000 8.000000000000 0.000984680000
64.000000000000 64.000000000000 8.000000000000 0.000175300000
32.000000000000 64.000000000000 64.000000000000 1000000000.000000000000
4.000000000000 2.000000000000 4.000000000000 0.000083280000
2.000000000000 128.000000000000 4.000000000000 0.001103280000
64.000000000000 32.000000000000 1.000000000000 0.000239520000
4.000000000000 64.000000000000 8.000000000000 0.000765540000
8.000000000000 16.000000000000 4.000000000000 0.000149120000
4.000000000000 32.000000000000 8.000000000000 0.000145240000
64.000000000000 4.000000000000 1.000000000000 0.000237000000
8.000000000000 64.000000000000 16.000000000000 0.000548440000
16.000000000000 64.000000000000 2.000000000000 0.001252280000
32.000000000000 8.000000000000 1.000000000000 0.000487720000
4.000000000000 32.000000000000 1.000000000000 0.000755900000
32.000000000000 64.000000000000 4.000000000000 0.000366000000
16.000000000000 32.000000000000 2.000000000000 0.000434640000
2.000000000000 64.000000000000 64.000000000000 1000000000.000000000000
4.000000000000 64.000000000000 32.000000000000 1000000000.000000000000
32.000000000000 16.000000000000 1.000000000000 0.001214520000
1.000000000000 128.000000000000 64.000000000000 1000000000.000000000000
32.000000000000 64.000000000000 2.000000000000 0.000548200000
64.000000000000 128.000000000000 64.000000000000 1000000000.000000000000
32.000000000000 2.000000000000 8.000000000000 0.000185100000
2.000000000000 32.000000000000 8.000000000000 0.000126600000
8.000000000000 8.000000000000 2.000000000000 0.000315680000
8.000000000000 128.000000000000 2.000000000000 0.001136200000
8.000000000000 2.000000000000 2.000000000000 0.000116800000
4.000000000000 2.000000000000 8.000000000000 0.000074820000
8.000000000000 8.000000000000 4.000000000000 0.000100780000
2.000000000000 4.000000000000 1.000000000000 0.000206760000
4.000000000000 32.000000000000 2.000000000000 0.000375180000
1.000000000000 128.000000000000 8.000000000000 0.000081380000
2.000000000000 16.000000000000 4.000000000000 0.000135620000
64.000000000000 64.000000000000 32.000000000000 1000000000.000000000000
16.000000000000 16.000000000000 1.000000000000 0.000629100000
16.000000000000 32.000000000000 1.000000000000 0.001089580000
64.000000000000 128.000000000000 2.000000000000 0.000419540000
4.000000000000 4.000000000000 2.000000000000 0.000143300000
8.000000000000 128.000000000000 8.000000000000 0.000568920000
4.000000000000 8.000000000000 2.000000000000 0.000195280000
1.000000000000 32.000000000000 64.000000000000 1000000000.000000000000
16.000000000000 4.000000000000 4.000000000000 0.000157580000
32.000000000000 64.000000000000 8.000000000000 0.000305040000
2.000000000000 128.000000000000 1.000000000000 0.001465920000
32.000000000000 2.000000000000 1.000000000000 0.000345400000
8.000000000000 128.000000000000 16.000000000000 1000000000.000000000000
32.000000000000 1.000000000000 32.000000000000 0.000321600000
