4.000000000000 4.000000000000 32.000000000000 0.014265420000
2.000000000000 8.000000000000 1.000000000000 0.028182900000
4.000000000000 2.000000000000 1.000000000000 0.034637720000
512.000000000000 2.000000000000 1.000000000000 0.052504720000
1.000000000000 1.000000000000 128.000000000000 0.080425820000
8.000000000000 128.000000000000 2.000000000000 0.142080940000
8.000000000000 128.000000000000 64.000000000000 1000000000.000000000000
16.000000000000 1.000000000000 16.000000000000 0.026102700000
256.000000000000 128.000000000000 256.000000000000 1000000000.000000000000
128.000000000000 1.000000000000 64.000000000000 0.043347420000
1.000000000000 16.000000000000 2.000000000000 0.019296320000
2.000000000000 512.000000000000 16.000000000000 1000000000.000000000000
1.000000000000 16.000000000000 1.000000000000 0.026772920000
128.000000000000 256.000000000000 8.000000000000 1000000000.000000000000
1.000000000000 64.000000000000 4.000000000000 0.028814380000
32.000000000000 4.000000000000 16.000000000000 0.008625920000
64.000000000000 256.000000000000 4.000000000000 0.172790560000
64.000000000000 256.000000000000 512.000000000000 1000000000.000000000000
256.000000000000 16.000000000000 512.000000000000 1000000000.000000000000
2.000000000000 1.000000000000 512.000000000000 0.082855260000
256.000000000000 16.000000000000 2.000000000000 0.071145680000
256.000000000000 32.000000000000 16.000000000000 0.021312200000
2.000000000000 1.000000000000 1.000000000000 0.053225060000
32.000000000000 16.000000000000 256.000000000000 1000000000.000000000000
1.000000000000 32.000000000000 8.000000000000 0.018611540000
256.000000000000 1.000000000000 256.000000000000 0.155540560000
32.000000000000 128.000000000000 1.000000000000 0.179024000000
32.000000000000 1.000000000000 32.000000000000 0.035386020000
32.000000000000 32.000000000000 128.000000000000 1000000000.000000000000
512.000000000000 128.000000000000 64.000000000000 1000000000.000000000000
256.000000000000 256.000000000000 32.000000000000 1000000000.000000000000
4.000000000000 2.000000000000 128.000000000000 0.041173260000
512.000000000000 1.000000000000 2.000000000000 0.014088300000
1.000000000000 8.000000000000 2.000000000000 0.020917220000
32.000000000000 64.000000000000 512.000000000000 1000000000.000000000000
8.000000000000 8.000000000000 2.000000000000 0.016005300000
1.000000000000 2.000000000000 16.000000000000 0.043836500000
512.000000000000 1.000000000000 512.000000000000 0.233030380000
1.000000000000 32.000000000000 2.000000000000 0.023830920000
256.000000000000 512.000000000000 32.000000000000 1000000000.000000000000
1.000000000000 256.000000000000 16.000000000000 1000000000.000000000000
32.000000000000 128.000000000000 256.000000000000 1000000000.000000000000
1.000000000000 1.000000000000 16.000000000000 0.079981340000
128.000000000000 64.000000000000 256.000000000000 1000000000.000000000000
16.000000000000 32.000000000000 512.000000000000 1000000000.000000000000
1.000000000000 4.000000000000 8.000000000000 0.026413600000
128.000000000000 64.000000000000 16.000000000000 0.121052760000
512.000000000000 1.000000000000 64.000000000000 0.029250920000
2.000000000000 16.000000000000 8.000000000000 0.012796520000
256.000000000000 1.000000000000 512.000000000000 0.160417820000
64.000000000000 64.000000000000 4.000000000000 0.136588040000
256.000000000000 64.000000000000 512.000000000000 1000000000.000000000000
2.000000000000 4.000000000000 256.000000000000 0.022998500000
32.000000000000 32.000000000000 64.000000000000 1000000000.000000000000
1.000000000000 2.000000000000 8.000000000000 0.043778800000
16.000000000000 1.000000000000 512.000000000000 0.082541140000
64.000000000000 32.000000000000 512.000000000000 1000000000.000000000000
1.000000000000 8.000000000000 128.000000000000 0.017579020000
2.000000000000 32.000000000000 32.000000000000 0.013134500000
512.000000000000 512.000000000000 1.000000000000 1000000000.000000000000
2.000000000000 64.000000000000 64.000000000000 1000000000.000000000000
256.000000000000 256.000000000000 8.000000000000 1000000000.000000000000
8.000000000000 16.000000000000 8.000000000000 0.010042300000
8.000000000000 4.000000000000 64.000000000000 0.011196400000
512.000000000000 32.000000000000 4.000000000000 0.080517640000
2.000000000000 2.000000000000 128.000000000000 0.042210860000
512.000000000000 16.000000000000 256.000000000000 1000000000.000000000000
64.000000000000 512.000000000000 8.000000000000 1000000000.000000000000
16.000000000000 128.000000000000 64.000000000000 1000000000.000000000000
128.000000000000 256.000000000000 32.000000000000 1000000000.000000000000
64.000000000000 16.000000000000 8.000000000000 0.014088000000
2.000000000000 64.000000000000 512.000000000000 1000000000.000000000000
512.000000000000 512.000000000000 2.000000000000 1000000000.000000000000
4.000000000000 128.000000000000 32.000000000000 1000000000.000000000000
2.000000000000 4.000000000000 1.000000000000 0.032842800000
128.000000000000 64.000000000000 128.000000000000 1000000000.000000000000
256.000000000000 64.000000000000 4.000000000000 0.266510120000
64.000000000000 8.000000000000 16.000000000000 0.009461100000
4.000000000000 1.000000000000 2.000000000000 0.039542980000
256.000000000000 256.000000000000 512.000000000000 1000000000.000000000000
4.000000000000 128.000000000000 1.000000000000 0.176577380000
8.000000000000 64.000000000000 256.000000000000 1000000000.000000000000
32.000000000000 64.000000000000 256.000000000000 1000000000.000000000000
2.000000000000 512.000000000000 128.000000000000 1000000000.000000000000
64.000000000000 4.000000000000 512.000000000000 1000000000.000000000000
512.000000000000 16.000000000000 8.000000000000 0.033388060000
16.000000000000 512.000000000000 256.000000000000 1000000000.000000000000
64.000000000000 256.000000000000 32.000000000000 1000000000.000000000000
16.000000000000 4.000000000000 16.000000000000 0.010011000000
4.000000000000 2.000000000000 16.000000000000 0.022772340000
2.000000000000 32.000000000000 16.000000000000 0.015328520000
512.000000000000 512.000000000000 512.000000000000 1000000000.000000000000
128.000000000000 8.000000000000 1.000000000000 0.035089300000
512.000000000000 256.000000000000 64.000000000000 1000000000.000000000000
16.000000000000 8.000000000000 4.000000000000 0.010553920000
4.000000000000 4.000000000000 2.000000000000 0.019721560000
16.000000000000 2.000000000000 512.000000000000 0.042732980000
8.000000000000 1.000000000000 512.000000000000 0.076978680000
512.000000000000 256.000000000000 8.000000000000 1000000000.000000000000
64.000000000000 512.000000000000 128.000000000000 1000000000.000000000000
4.000000000000 4.000000000000 32.000000000000 0.014078740000
2.000000000000 8.000000000000 1.000000000000 0.028014520000
4.000000000000 2.000000000000 1.000000000000 0.034622080000
512.000000000000 2.000000000000 1.000000000000 0.051681540000
1.000000000000 1.000000000000 128.000000000000 0.080985300000
8.000000000000 128.000000000000 2.000000000000 0.143027500000
8.000000000000 128.000000000000 64.000000000000 1000000000.000000000000
16.000000000000 1.000000000000 16.000000000000 0.024971240000
16.000000000000 8.000000000000 16.000000000000 0.008175320000
32.000000000000 64.000000000000 4.000000000000 0.098002600000
64.000000000000 16.000000000000 1.000000000000 0.059522240000
1.000000000000 8.000000000000 8.000000000000 0.017917020000
256.000000000000 32.000000000000 8.000000000000 0.035082300000
1.000000000000 16.000000000000 16.000000000000 0.015219920000
1.000000000000 8.000000000000 1.000000000000 0.027354620000
1.000000000000 256.000000000000 2.000000000000 0.064688220000
2.000000000000 128.000000000000 1.000000000000 0.189677540000
4.000000000000 32.000000000000 4.000000000000 0.024814420000
8.000000000000 16.000000000000 4.000000000000 0.016455220000
8.000000000000 4.000000000000 2.000000000000 0.018649020000
1.000000000000 1.000000000000 1.000000000000 0.078479820000
128.000000000000 4.000000000000 2.000000000000 0.022499400000
16.000000000000 4.000000000000 1.000000000000 0.028700560000
64.000000000000 64.000000000000 16.000000000000 0.116287500000
1.000000000000 16.000000000000 512.000000000000 1000000000.000000000000
64.000000000000 16.000000000000 16.000000000000 0.009796760000
16.000000000000 8.000000000000 128.000000000000 0.011953900000
2.000000000000 32.000000000000 64.000000000000 1000000000.000000000000
1.000000000000 8.000000000000 4.000000000000 0.018357500000
1.000000000000 512.000000000000 8.000000000000 1000000000.000000000000
32.000000000000 1.000000000000 16.000000000000 0.024277260000
8.000000000000 8.000000000000 4.000000000000 0.010503700000
8.000000000000 8.000000000000 16.000000000000 0.007979180000
4.000000000000 2.000000000000 8.000000000000 0.020672480000
2.000000000000 16.000000000000 2.000000000000 0.021557960000
1.000000000000 4.000000000000 1.000000000000 0.031535500000
16.000000000000 2.000000000000 128.000000000000 0.037845240000
4.000000000000 2.000000000000 256.000000000000 0.042062840000
4.000000000000 8.000000000000 1.000000000000 0.024178220000
256.000000000000 4.000000000000 8.000000000000 0.022295440000
4.000000000000 2.000000000000 2.000000000000 0.026776700000
4.000000000000 4.000000000000 8.000000000000 0.013946920000
1.000000000000 16.000000000000 8.000000000000 0.015414580000
32.000000000000 16.000000000000 16.000000000000 0.007308700000
2.000000000000 4.000000000000 16.000000000000 0.016131240000
4.000000000000 2.000000000000 512.000000000000 0.041899620000
4.000000000000 1.000000000000 512.000000000000 0.078521960000
64.000000000000 8.000000000000 4.000000000000 0.012300440000
4.000000000000 256.000000000000 16.000000000000 1000000000.000000000000
16.000000000000 8.000000000000 2.000000000000 0.015785500000
1.000000000000 8.000000000000 512.000000000000 1000000000.000000000000
2.000000000000 256.000000000000 8.000000000000 1000000000.000000000000
128.000000000000 2.000000000000 16.000000000000 0.019873960000
16.000000000000 4.000000000000 64.000000000000 0.010802220000
4.000000000000 4.000000000000 16.000000000000 0.012508080000
16.000000000000 32.000000000000 8.000000000000 0.014581420000
256.000000000000 32.000000000000 512.000000000000 1000000000.000000000000
2.000000000000 16.000000000000 16.000000000000 0.011579400000
1.000000000000 2.000000000000 128.000000000000 0.044406600000
1.000000000000 4.000000000000 16.000000000000 0.025803160000
64.000000000000 8.000000000000 1.000000000000 0.034420560000
1.000000000000 8.000000000000 32.000000000000 0.017471180000
32.000000000000 4.000000000000 2.000000000000 0.017574520000
16.000000000000 1.000000000000 2.000000000000 0.029390320000
2.000000000000 8.000000000000 16.000000000000 0.012431160000
32.000000000000 128.000000000000 64.000000000000 1000000000.000000000000
4.000000000000 16.000000000000 16.000000000000 0.009198700000
4.000000000000 2.000000000000 32.000000000000 0.025468400000
16.000000000000 2.000000000000 8.000000000000 0.015548600000
8.000000000000 8.000000000000 1.000000000000 0.026050100000
4.000000000000 4.000000000000 4.000000000000 0.014667060000
128.000000000000 1.000000000000 512.000000000000 0.096521580000
2.000000000000 128.000000000000 8.000000000000 0.144799120000
64.000000000000 16.000000000000 2.000000000000 0.037157920000
1.000000000000 32.000000000000 4.000000000000 0.020107460000
32.000000000000 512.000000000000 16.000000000000 1000000000.000000000000
1.000000000000 2.000000000000 512.000000000000 0.011950800000
1.000000000000 64.000000000000 8.000000000000 0.025792700000
4.000000000000 128.000000000000 16.000000000000 1000000000.000000000000
32.000000000000 8.000000000000 4.000000000000 0.010002420000
128.000000000000 32.000000000000 16.000000000000 0.012603800000
2.000000000000 8.000000000000 2.000000000000 0.019213640000
2.000000000000 32.000000000000 512.000000000000 1000000000.000000000000
16.000000000000 32.000000000000 16.000000000000 0.009726060000
64.000000000000 2.000000000000 16.000000000000 0.019146700000
1.000000000000 64.000000000000 32.000000000000 1000000000.000000000000
2.000000000000 1.000000000000 16.000000000000 0.048839420000
8.000000000000 2.000000000000 64.000000000000 0.020196340000
8.000000000000 16.000000000000 32.000000000000 0.006291020000
1.000000000000 16.000000000000 128.000000000000 1000000000.000000000000
1.000000000000 128.000000000000 8.000000000000 0.044086760000
8.000000000000 1.000000000000 16.000000000000 0.027693540000
512.000000000000 16.000000000000 1.000000000000 0.079928780000
4.000000000000 16.000000000000 2.000000000000 0.030560720000
32.000000000000 1.000000000000 4.000000000000 0.009017200000
16.000000000000 1.000000000000 8.000000000000 0.010027740000
4.000000000000 2.000000000000 4.000000000000 0.023410720000
512.000000000000 1.000000000000 4.000000000000 0.012274640000
16.000000000000 64.000000000000 16.000000000000 0.086149220000
1.000000000000 32.000000000000 32.000000000000 0.016963300000
16.000000000000 16.000000000000 8.000000000000 0.011145900000
512.000000000000 8.000000000000 2.000000000000 0.030426540000
512.000000000000 8.000000000000 16.000000000000 0.016405040000
2.000000000000 8.000000000000 8.000000000000 0.012611600000
32.000000000000 1.000000000000 128.000000000000 0.071312000000
1.000000000000 32.000000000000 128.000000000000 1000000000.000000000000
64.000000000000 4.000000000000 16.000000000000 0.011124220000
256.000000000000 32.000000000000 128.000000000000 1000000000.000000000000
16.000000000000 8.000000000000 16.000000000000 0.007998620000
32.000000000000 64.000000000000 4.000000000000 0.098526180000
64.000000000000 16.000000000000 1.000000000000 0.060557100000
1.000000000000 8.000000000000 8.000000000000 0.018636860000
256.000000000000 32.000000000000 8.000000000000 0.038334880000
1.000000000000 16.000000000000 16.000000000000 0.014598280000
1.000000000000 8.000000000000 1.000000000000 0.027335560000
1.000000000000 256.000000000000 2.000000000000 0.068261980000
1.000000000000 2.000000000000 2.000000000000 0.044643860000
1.000000000000 128.000000000000 2.000000000000 0.047159900000
2.000000000000 2.000000000000 16.000000000000 0.027291340000
8.000000000000 1.000000000000 8.000000000000 0.014749740000
8.000000000000 2.000000000000 32.000000000000 0.021447520000
64.000000000000 512.000000000000 512.000000000000 1000000000.000000000000
1.000000000000 2.000000000000 1.000000000000 0.045619040000
32.000000000000 4.000000000000 4.000000000000 0.011754240000
4.000000000000 4.000000000000 512.000000000000 1000000000.000000000000
32.000000000000 256.000000000000 16.000000000000 1000000000.000000000000
32.000000000000 16.000000000000 128.000000000000 1000000000.000000000000
2.000000000000 4.000000000000 64.000000000000 0.018112660000
4.000000000000 8.000000000000 32.000000000000 0.009438600000
8.000000000000 8.000000000000 128.000000000000 0.011589380000
2.000000000000 16.000000000000 4.000000000000 0.015589520000
1.000000000000 8.000000000000 16.000000000000 0.017527300000
16.000000000000 8.000000000000 8.000000000000 0.008007380000
4.000000000000 512.000000000000 16.000000000000 1000000000.000000000000
16.000000000000 32.000000000000 1.000000000000 0.096333920000
32.000000000000 8.000000000000 16.000000000000 0.007630920000
1.000000000000 1.000000000000 4.000000000000 0.080306840000
2.000000000000 32.000000000000 1.000000000000 0.089548420000
64.000000000000 8.000000000000 64.000000000000 0.009055940000
16.000000000000 1.000000000000 4.000000000000 0.010829060000
128.000000000000 1.000000000000 128.000000000000 0.089650700000
32.000000000000 4.000000000000 64.000000000000 0.010082000000
16.000000000000 16.000000000000 32.000000000000 0.006550580000
1.000000000000 8.000000000000 64.000000000000 0.017297840000
8.000000000000 32.000000000000 1.000000000000 0.086100140000
4.000000000000 16.000000000000 128.000000000000 1000000000.000000000000
64.000000000000 4.000000000000 4.000000000000 0.015430160000
16.000000000000 16.000000000000 1.000000000000 0.056664240000
8.000000000000 16.000000000000 16.000000000000 0.007705660000
8.000000000000 1.000000000000 2.000000000000 0.029673980000
1.000000000000 32.000000000000 16.000000000000 0.017003300000
4.000000000000 8.000000000000 16.000000000000 0.009593520000
512.000000000000 2.000000000000 512.000000000000 0.105416000000
4.000000000000 512.000000000000 32.000000000000 1000000000.000000000000
1.000000000000 1.000000000000 512.000000000000 0.022968160000
512.000000000000 4.000000000000 16.000000000000 0.019951400000
4.000000000000 16.000000000000 64.000000000000 0.007400120000
512.000000000000 8.000000000000 4.000000000000 0.018760580000
512.000000000000 64.000000000000 32.000000000000 1000000000.000000000000
16.000000000000 1.000000000000 64.000000000000 0.036954880000
8.000000000000 4.000000000000 16.000000000000 0.010044860000
512.000000000000 4.000000000000 8.000000000000 0.016028080000
8.000000000000 32.000000000000 16.000000000000 0.009856860000
128.000000000000 4.000000000000 16.000000000000 0.010847900000
128.000000000000 8.000000000000 2.000000000000 0.021299080000
64.000000000000 8.000000000000 128.000000000000 0.014314860000
256.000000000000 16.000000000000 16.000000000000 0.017979660000
128.000000000000 2.000000000000 512.000000000000 0.051173420000
64.000000000000 8.000000000000 8.000000000000 0.009891180000
8.000000000000 256.000000000000 1.000000000000 0.177210840000
512.000000000000 8.000000000000 32.000000000000 0.018030780000
32.000000000000 32.000000000000 16.000000000000 0.008865840000
1.000000000000 128.000000000000 32.000000000000 1000000000.000000000000
16.000000000000 8.000000000000 1.000000000000 0.026034320000
256.000000000000 16.000000000000 1.000000000000 0.113386980000
128.000000000000 256.000000000000 16.000000000000 1000000000.000000000000
64.000000000000 2.000000000000 256.000000000000 0.049569420000
8.000000000000 128.000000000000 16.000000000000 1000000000.000000000000
8.000000000000 32.000000000000 8.000000000000 0.014429440000
16.000000000000 16.000000000000 16.000000000000 0.008492940000
4.000000000000 64.000000000000 16.000000000000 0.081292940000
128.000000000000 8.000000000000 128.000000000000 0.014883920000
16.000000000000 512.000000000000 16.000000000000 1000000000.000000000000
1.000000000000 32.000000000000 1.000000000000 0.032526840000
8.000000000000 8.000000000000 256.000000000000 1000000000.000000000000
128.000000000000 16.000000000000 32.000000000000 0.008024220000
128.000000000000 32.000000000000 256.000000000000 1000000000.000000000000
2.000000000000 8.000000000000 4.000000000000 0.014665320000
8.000000000000 64.000000000000 16.000000000000 0.076217160000
32.000000000000 512.000000000000 4.000000000000 1000000000.000000000000
512.000000000000 512.000000000000 16.000000000000 1000000000.000000000000
256.000000000000 8.000000000000 16.000000000000 0.016615380000
128.000000000000 256.000000000000 2.000000000000 0.191725060000
2.000000000000 256.000000000000 16.000000000000 1000000000.000000000000
8.000000000000 256.000000000000 32.000000000000 1000000000.000000000000
32.000000000000 8.000000000000 8.000000000000 0.007903040000
2.000000000000 8.000000000000 128.000000000000 0.014670920000
2.000000000000 4.000000000000 2.000000000000 0.023749520000
16.000000000000 64.000000000000 8.000000000000 0.085842520000
128.000000000000 4.000000000000 4.000000000000 0.014411360000
2.000000000000 2.000000000000 1.000000000000 0.043259800000
256.000000000000 16.000000000000 32.000000000000 0.014829760000
16.000000000000 1.000000000000 256.000000000000 0.079996400000
16.000000000000 8.000000000000 512.000000000000 1000000000.000000000000
64.000000000000 256.000000000000 16.000000000000 1000000000.000000000000
16.000000000000 512.000000000000 2.000000000000 1000000000.000000000000
256.000000000000 8.000000000000 4.000000000000 0.023510660000
2.000000000000 256.000000000000 32.000000000000 1000000000.000000000000
4.000000000000 4.000000000000 256.000000000000 0.022057980000
32.000000000000 2.000000000000 16.000000000000 0.015076020000
8.000000000000 512.000000000000 16.000000000000 1000000000.000000000000
1.000000000000 64.000000000000 16.000000000000 0.024471300000
8.000000000000 256.000000000000 4.000000000000 0.128183360000
4.000000000000 8.000000000000 2.000000000000 0.015544520000
512.000000000000 32.000000000000 8.000000000000 0.040809800000
64.000000000000 8.000000000000 32.000000000000 0.009098880000
1.000000000000 2.000000000000 2.000000000000 0.045520660000
1.000000000000 128.000000000000 2.000000000000 0.047010040000
2.000000000000 2.000000000000 16.000000000000 0.027088340000
8.000000000000 1.000000000000 8.000000000000 0.013970360000
8.000000000000 2.000000000000 32.000000000000 0.021497960000
64.000000000000 512.000000000000 512.000000000000 1000000000.000000000000
1.000000000000 2.000000000000 1.000000000000 0.047323520000
32.000000000000 4.000000000000 4.000000000000 0.012401020000
8.000000000000 8.000000000000 8.000000000000 0.008129500000
64.000000000000 16.000000000000 32.000000000000 0.007715760000
8.000000000000 2.000000000000 16.000000000000 0.017014280000
32.000000000000 32.000000000000 256.000000000000 1000000000.000000000000
32.000000000000 2.000000000000 8.000000000000 0.013608980000
8.000000000000 32.000000000000 32.000000000000 0.007544760000
2.000000000000 256.000000000000 128.000000000000 1000000000.000000000000
128.000000000000 16.000000000000 16.000000000000 0.009549460000
128.000000000000 16.000000000000 1.000000000000 0.064554980000
32.000000000000 4.000000000000 1.000000000000 0.025537640000
32.000000000000 32.000000000000 4.000000000000 0.025043300000
64.000000000000 512.000000000000 16.000000000000 1000000000.000000000000
128.000000000000 512.000000000000 512.000000000000 1000000000.000000000000
32.000000000000 8.000000000000 128.000000000000 0.011880640000
128.000000000000 16.000000000000 8.000000000000 0.014215360000
4.000000000000 16.000000000000 256.000000000000 1000000000.000000000000
128.000000000000 8.000000000000 64.000000000000 0.008989880000
16.000000000000 8.000000000000 32.000000000000 0.007822760000
1.000000000000 8.000000000000 256.000000000000 1000000000.000000000000
512.000000000000 64.000000000000 8.000000000000 0.432720820000
32.000000000000 8.000000000000 512.000000000000 1000000000.000000000000
512.000000000000 32.000000000000 32.000000000000 0.013796440000
32.000000000000 32.000000000000 8.000000000000 0.014630840000
2.000000000000 32.000000000000 8.000000000000 0.019133880000
2.000000000000 8.000000000000 256.000000000000 1000000000.000000000000
32.000000000000 8.000000000000 1.000000000000 0.026356000000
512.000000000000 8.000000000000 8.000000000000 0.014279200000
2.000000000000 4.000000000000 128.000000000000 0.023312120000
4.000000000000 4.000000000000 128.000000000000 0.020954140000
16.000000000000 2.000000000000 2.000000000000 0.024350740000
2.000000000000 64.000000000000 16.000000000000 0.084360680000
64.000000000000 2.000000000000 32.000000000000 0.023701160000
32.000000000000 128.000000000000 8.000000000000 0.128483980000
2.000000000000 2.000000000000 64.000000000000 0.032046560000
8.000000000000 512.000000000000 2.000000000000 1000000000.000000000000
128.000000000000 8.000000000000 32.000000000000 0.009269080000
128.000000000000 8.000000000000 8.000000000000 0.009799780000
8.000000000000 16.000000000000 64.000000000000 0.006241460000
64.000000000000 8.000000000000 512.000000000000 1000000000.000000000000
512.000000000000 16.000000000000 2.000000000000 0.061091000000
128.000000000000 8.000000000000 16.000000000000 0.009708920000
32.000000000000 16.000000000000 1.000000000000 0.051435180000
32.000000000000 512.000000000000 2.000000000000 1000000000.000000000000
2.000000000000 2.000000000000 2.000000000000 0.035663260000
8.000000000000 2.000000000000 512.000000000000 0.040133220000
2.000000000000 32.000000000000 2.000000000000 0.047526160000
32.000000000000 16.000000000000 8.000000000000 0.010504080000
4.000000000000 256.000000000000 8.000000000000 1000000000.000000000000
1.000000000000 256.000000000000 512.000000000000 1000000000.000000000000
16.000000000000 4.000000000000 32.000000000000 0.011420600000
128.000000000000 1.000000000000 32.000000000000 0.041982000000
512.000000000000 2.000000000000 2.000000000000 0.034975220000
8.000000000000 1.000000000000 4.000000000000 0.028125360000
8.000000000000 8.000000000000 64.000000000000 0.007968980000
8.000000000000 4.000000000000 256.000000000000 0.021999240000
256.000000000000 8.000000000000 2.000000000000 0.037316120000
2.000000000000 16.000000000000 32.000000000000 0.010427360000
32.000000000000 256.000000000000 2.000000000000 0.154065140000
8.000000000000 4.000000000000 4.000000000000 0.013281980000
32.000000000000 8.000000000000 32.000000000000 0.007002100000
512.000000000000 16.000000000000 64.000000000000 0.013964860000
32.000000000000 16.000000000000 32.000000000000 0.005715960000
8.000000000000 4.000000000000 128.000000000000 0.019914980000
256.000000000000 8.000000000000 128.000000000000 0.025537500000
8.000000000000 4.000000000000 1.000000000000 0.024327580000
2.000000000000 2.000000000000 32.000000000000 0.031087700000
8.000000000000 32.000000000000 256.000000000000 1000000000.000000000000
2.000000000000 4.000000000000 8.000000000000 0.017788680000
256.000000000000 128.000000000000 8.000000000000 0.323775660000
8.000000000000 64.000000000000 32.000000000000 1000000000.000000000000
1.000000000000 4.000000000000 64.000000000000 0.026595920000
16.000000000000 4.000000000000 8.000000000000 0.009729780000
16.000000000000 256.000000000000 128.000000000000 1000000000.000000000000
4.000000000000 32.000000000000 32.000000000000 0.009334560000
4.000000000000 256.000000000000 256.000000000000 1000000000.000000000000
16.000000000000 4.000000000000 4.000000000000 0.012921480000
4.000000000000 8.000000000000 4.000000000000 0.012611340000
8.000000000000 1.000000000000 32.000000000000 0.039378140000
8.000000000000 1.000000000000 128.000000000000 0.070336880000
2.000000000000 8.000000000000 512.000000000000 1000000000.000000000000
32.000000000000 8.000000000000 64.000000000000 0.007384100000
32.000000000000 256.000000000000 4.000000000000 0.132713740000
1.000000000000 4.000000000000 128.000000000000 0.026232300000
512.000000000000 32.000000000000 512.000000000000 1000000000.000000000000
8.000000000000 512.000000000000 8.000000000000 1000000000.000000000000
2.000000000000 4.000000000000 4.000000000000 0.021318460000
2.000000000000 256.000000000000 4.000000000000 1000000000.000000000000
1.000000000000 512.000000000000 16.000000000000 1000000000.000000000000
512.000000000000 1.000000000000 8.000000000000 0.012307480000
64.000000000000 4.000000000000 2.000000000000 0.021754200000
512.000000000000 1.000000000000 128.000000000000 0.051833000000
16.000000000000 64.000000000000 32.000000000000 1000000000.000000000000
256.000000000000 16.000000000000 128.000000000000 1000000000.000000000000
2.000000000000 64.000000000000 2.000000000000 0.096899200000
4.000000000000 256.000000000000 512.000000000000 1000000000.000000000000
16.000000000000 64.000000000000 1.000000000000 0.111508960000
32.000000000000 2.000000000000 64.000000000000 0.019373280000
512.000000000000 4.000000000000 256.000000000000 0.056670000000
4.000000000000 16.000000000000 32.000000000000 0.007840420000
16.000000000000 4.000000000000 2.000000000000 0.018205220000
8.000000000000 8.000000000000 8.000000000000 0.007950500000
64.000000000000 16.000000000000 32.000000000000 0.007726900000
8.000000000000 2.000000000000 16.000000000000 0.016696260000
32.000000000000 32.000000000000 256.000000000000 1000000000.000000000000
32.000000000000 2.000000000000 8.000000000000 0.014235180000
8.000000000000 32.000000000000 32.000000000000 0.007353320000
2.000000000000 256.000000000000 128.000000000000 1000000000.000000000000
128.000000000000 16.000000000000 16.000000000000 0.010679720000
32.000000000000 16.000000000000 512.000000000000 1000000000.000000000000
1.000000000000 4.000000000000 256.000000000000 0.026710280000
32.000000000000 2.000000000000 2.000000000000 0.023004720000
512.000000000000 16.000000000000 32.000000000000 0.013903020000
16.000000000000 2.000000000000 16.000000000000 0.015765660000
256.000000000000 512.000000000000 128.000000000000 1000000000.000000000000
64.000000000000 16.000000000000 4.000000000000 0.020744540000
4.000000000000 8.000000000000 8.000000000000 0.009974320000
2.000000000000 32.000000000000 256.000000000000 1000000000.000000000000
512.000000000000 32.000000000000 256.000000000000 1000000000.000000000000
8.000000000000 32.000000000000 4.000000000000 0.023313480000
8.000000000000 256.000000000000 128.000000000000 1000000000.000000000000
256.000000000000 32.000000000000 1.000000000000 0.265978720000
4.000000000000 8.000000000000 64.000000000000 0.009395700000
2.000000000000 32.000000000000 128.000000000000 1000000000.000000000000
64.000000000000 2.000000000000 2.000000000000 0.028091260000
64.000000000000 128.000000000000 4.000000000000 0.174247760000
16.000000000000 256.000000000000 32.000000000000 1000000000.000000000000
512.000000000000 32.000000000000 64.000000000000 1000000000.000000000000
8.000000000000 128.000000000000 8.000000000000 0.121857940000
256.000000000000 4.000000000000 4.000000000000 0.025107700000
128.000000000000 32.000000000000 4.000000000000 0.038198880000
8.000000000000 512.000000000000 64.000000000000 1000000000.000000000000
2.000000000000 4.000000000000 32.000000000000 0.017568840000
4.000000000000 32.000000000000 16.000000000000 0.011687060000
2.000000000000 8.000000000000 32.000000000000 0.012635980000
1.000000000000 4.000000000000 2.000000000000 0.027344840000
8.000000000000 4.000000000000 8.000000000000 0.009909920000
32.000000000000 32.000000000000 512.000000000000 1000000000.000000000000
512.000000000000 16.000000000000 16.000000000000 0.021111100000
128.000000000000 8.000000000000 512.000000000000 1000000000.000000000000
8.000000000000 2.000000000000 2.000000000000 0.021631480000
128.000000000000 4.000000000000 1.000000000000 0.036418320000
32.000000000000 64.000000000000 16.000000000000 0.084418220000
512.000000000000 128.000000000000 256.000000000000 1000000000.000000000000
64.000000000000 1.000000000000 8.000000000000 0.010214040000
32.000000000000 32.000000000000 32.000000000000 0.006775360000
32.000000000000 8.000000000000 256.000000000000 1000000000.000000000000
32.000000000000 16.000000000000 64.000000000000 0.006228200000
128.000000000000 4.000000000000 32.000000000000 0.013068340000
64.000000000000 2.000000000000 1.000000000000 0.044959100000
32.000000000000 1.000000000000 64.000000000000 0.034090460000
256.000000000000 8.000000000000 32.000000000000 0.016178140000
256.000000000000 1.000000000000 16.000000000000 0.059992180000
2.000000000000 512.000000000000 1.000000000000 1000000000.000000000000
128.000000000000 16.000000000000 64.000000000000 0.007105760000
2.000000000000 512.000000000000 2.000000000000 1000000000.000000000000
128.000000000000 512.000000000000 16.000000000000 1000000000.000000000000
32.000000000000 256.000000000000 8.000000000000 1000000000.000000000000
16.000000000000 512.000000000000 4.000000000000 1000000000.000000000000
8.000000000000 256.000000000000 16.000000000000 1000000000.000000000000
8.000000000000 4.000000000000 32.000000000000 0.012233960000
256.000000000000 8.000000000000 512.000000000000 1000000000.000000000000
1.000000000000 4.000000000000 32.000000000000 0.026031520000
512.000000000000 16.000000000000 512.000000000000 1000000000.000000000000
8.000000000000 16.000000000000 2.000000000000 0.028822800000
1.000000000000 128.000000000000 64.000000000000 1000000000.000000000000
32.000000000000 2.000000000000 32.000000000000 0.019050180000
4.000000000000 8.000000000000 512.000000000000 1000000000.000000000000
32.000000000000 4.000000000000 8.000000000000 0.009304300000
256.000000000000 256.000000000000 128.000000000000 1000000000.000000000000
32.000000000000 1.000000000000 2.000000000000 0.009824860000
32.000000000000 256.000000000000 32.000000000000 1000000000.000000000000
8.000000000000 128.000000000000 32.000000000000 1000000000.000000000000
16.000000000000 2.000000000000 64.000000000000 0.019379760000
64.000000000000 256.000000000000 256.000000000000 1000000000.000000000000
512.000000000000 8.000000000000 64.000000000000 0.017939400000
2.000000000000 8.000000000000 64.000000000000 0.012531500000
512.000000000000 8.000000000000 512.000000000000 1000000000.000000000000
4.000000000000 256.000000000000 32.000000000000 1000000000.000000000000
128.000000000000 8.000000000000 4.000000000000 0.013799200000
512.000000000000 2.000000000000 128.000000000000 0.103220360000
64.000000000000 32.000000000000 4.000000000000 0.034825860000
256.000000000000 2.000000000000 1.000000000000 0.081023180000
128.000000000000 4.000000000000 64.000000000000 0.012889680000
512.000000000000 32.000000000000 16.000000000000 0.021522200000
32.000000000000 512.000000000000 8.000000000000 1000000000.000000000000
1.000000000000 4.000000000000 512.000000000000 1000000000.000000000000
256.000000000000 512.000000000000 2.000000000000 1000000000.000000000000
32.000000000000 32.000000000000 1.000000000000 0.101755160000
128.000000000000 8.000000000000 256.000000000000 1000000000.000000000000
32.000000000000 512.000000000000 128.000000000000 1000000000.000000000000
128.000000000000 1.000000000000 16.000000000000 0.032025320000
8.000000000000 16.000000000000 128.000000000000 1000000000.000000000000
512.000000000000 512.000000000000 32.000000000000 1000000000.000000000000
128.000000000000 2.000000000000 2.000000000000 0.028145640000
1.000000000000 256.000000000000 256.000000000000 1000000000.000000000000
2.000000000000 1.000000000000 32.000000000000 0.053094300000
128.000000000000 4.000000000000 256.000000000000 0.024650500000
16.000000000000 8.000000000000 64.000000000000 0.007531020000
128.000000000000 16.000000000000 128.000000000000 1000000000.000000000000
4.000000000000 1.000000000000 16.000000000000 0.031328200000
8.000000000000 128.000000000000 1.000000000000 0.173170060000
32.000000000000 2.000000000000 1.000000000000 0.033270620000
16.000000000000 512.000000000000 32.000000000000 1000000000.000000000000
4.000000000000 16.000000000000 8.000000000000 0.011299240000
256.000000000000 1.000000000000 2.000000000000 0.019397420000
8.000000000000 512.000000000000 1.000000000000 1000000000.000000000000
32.000000000000 16.000000000000 4.000000000000 0.017955100000
4.000000000000 32.000000000000 64.000000000000 1000000000.000000000000
32.000000000000 16.000000000000 512.000000000000 1000000000.000000000000
1.000000000000 4.000000000000 256.000000000000 0.025461360000
32.000000000000 2.000000000000 2.000000000000 0.023127260000
512.000000000000 16.000000000000 32.000000000000 0.014099300000
16.000000000000 2.000000000000 16.000000000000 0.015946360000
256.000000000000 512.000000000000 128.000000000000 1000000000.000000000000
64.000000000000 16.000000000000 4.000000000000 0.022106760000
4.000000000000 8.000000000000 8.000000000000 0.009979420000
4.000000000000 128.000000000000 8.000000000000 0.132171420000
4.000000000000 8.000000000000 256.000000000000 1000000000.000000000000
4.000000000000 128.000000000000 64.000000000000 1000000000.000000000000
32.000000000000 2.000000000000 256.000000000000 0.041483900000
32.000000000000 1.000000000000 8.000000000000 0.009965120000
512.000000000000 8.000000000000 128.000000000000 0.028338080000
64.000000000000 4.000000000000 64.000000000000 0.012767940000
512.000000000000 8.000000000000 1.000000000000 0.056235760000
1.000000000000 512.000000000000 64.000000000000 1000000000.000000000000
512.000000000000 2.000000000000 16.000000000000 0.033592760000
8.000000000000 64.000000000000 2.000000000000 0.095031360000
1.000000000000 2.000000000000 64.000000000000 0.042327100000
256.000000000000 32.000000000000 64.000000000000 1000000000.000000000000
2.000000000000 2.000000000000 256.000000000000 0.042104600000
512.000000000000 16.000000000000 4.000000000000 0.045945660000
2.000000000000 64.000000000000 1.000000000000 0.102744880000
512.000000000000 4.000000000000 64.000000000000 0.028284720000
1.000000000000 16.000000000000 64.000000000000 0.014715620000
4.000000000000 16.000000000000 1.000000000000 0.048294080000
8.000000000000 32.000000000000 64.000000000000 1000000000.000000000000
8.000000000000 16.000000000000 256.000000000000 1000000000.000000000000
4.000000000000 4.000000000000 64.000000000000 0.012908580000
16.000000000000 16.000000000000 256.000000000000 1000000000.000000000000
16.000000000000 32.000000000000 64.000000000000 1000000000.000000000000
64.000000000000 1.000000000000 64.000000000000 0.044692040000
256.000000000000 16.000000000000 64.000000000000 0.013386100000
8.000000000000 256.000000000000 2.000000000000 0.146067040000
512.000000000000 64.000000000000 4.000000000000 0.398888020000
8.000000000000 128.000000000000 256.000000000000 1000000000.000000000000
16.000000000000 32.000000000000 32.000000000000 0.007751140000
4.000000000000 2.000000000000 64.000000000000 0.024596400000
16.000000000000 2.000000000000 32.000000000000 0.021343740000
1.000000000000 512.000000000000 2.000000000000 1000000000.000000000000
64.000000000000 1.000000000000 128.000000000000 0.090495480000
4.000000000000 1.000000000000 32.000000000000 0.044281540000
512.000000000000 1.000000000000 16.000000000000 0.014912240000
128.000000000000 128.000000000000 16.000000000000 1000000000.000000000000
1.000000000000 16.000000000000 32.000000000000 0.014746760000
2.000000000000 128.000000000000 64.000000000000 1000000000.000000000000
128.000000000000 1.000000000000 4.000000000000 0.008872660000
256.000000000000 8.000000000000 64.000000000000 0.017574360000
64.000000000000 1.000000000000 32.000000000000 0.042987780000
128.000000000000 2.000000000000 64.000000000000 0.023785540000
128.000000000000 2.000000000000 256.000000000000 0.048469440000
128.000000000000 4.000000000000 8.000000000000 0.011548000000
4.000000000000 512.000000000000 64.000000000000 1000000000.000000000000
256.000000000000 4.000000000000 64.000000000000 0.022423700000
4.000000000000 64.000000000000 64.000000000000 1000000000.000000000000
128.000000000000 16.000000000000 2.000000000000 0.041638760000
8.000000000000 8.000000000000 512.000000000000 1000000000.000000000000
128.000000000000 64.000000000000 32.000000000000 1000000000.000000000000
256.000000000000 64.000000000000 16.000000000000 0.224146440000
64.000000000000 32.000000000000 32.000000000000 0.008099620000
4.000000000000 1.000000000000 8.000000000000 0.034422560000
128.000000000000 32.000000000000 128.000000000000 1000000000.000000000000
256.000000000000 1.000000000000 8.000000000000 0.016356040000
16.000000000000 512.000000000000 1.000000000000 1000000000.000000000000
8.000000000000 1.000000000000 64.000000000000 0.039617800000
4.000000000000 512.000000000000 128.000000000000 1000000000.000000000000
32.000000000000 4.000000000000 256.000000000000 0.022008340000
256.000000000000 1.000000000000 4.000000000000 0.018111300000
2.000000000000 128.000000000000 32.000000000000 1000000000.000000000000
256.000000000000 32.000000000000 32.000000000000 0.016423840000
64.000000000000 1.000000000000 16.000000000000 0.031971480000
16.000000000000 2.000000000000 256.000000000000 0.043367980000
1.000000000000 512.000000000000 32.000000000000 1000000000.000000000000
128.000000000000 32.000000000000 32.000000000000 0.009074940000
512.000000000000 4.000000000000 2.000000000000 0.034396820000
2.000000000000 1.000000000000 8.000000000000 0.049866240000
256.000000000000 4.000000000000 32.000000000000 0.025528020000
64.000000000000 64.000000000000 8.000000000000 0.119154040000
32.000000000000 256.000000000000 64.000000000000 1000000000.000000000000
16.000000000000 16.000000000000 64.000000000000 0.005993360000
16.000000000000 8.000000000000 256.000000000000 1000000000.000000000000
64.000000000000 64.000000000000 256.000000000000 1000000000.000000000000
64.000000000000 128.000000000000 32.000000000000 1000000000.000000000000
1.000000000000 2.000000000000 256.000000000000 0.043405060000
128.000000000000 512.000000000000 1.000000000000 1000000000.000000000000
64.000000000000 64.000000000000 32.000000000000 1000000000.000000000000
512.000000000000 2.000000000000 64.000000000000 0.054965780000
64.000000000000 128.000000000000 64.000000000000 1000000000.000000000000
16.000000000000 256.000000000000 2.000000000000 0.156646820000
128.000000000000 2.000000000000 8.000000000000 0.018806740000
16.000000000000 512.000000000000 8.000000000000 1000000000.000000000000
2.000000000000 256.000000000000 64.000000000000 1000000000.000000000000
8.000000000000 8.000000000000 32.000000000000 0.007752640000
256.000000000000 64.000000000000 64.000000000000 1000000000.000000000000
256.000000000000 512.000000000000 64.000000000000 1000000000.000000000000
64.000000000000 4.000000000000 32.000000000000 0.013067300000
256.000000000000 8.000000000000 1.000000000000 0.066918620000
2.000000000000 512.000000000000 64.000000000000 1000000000.000000000000
2.000000000000 64.000000000000 32.000000000000 1000000000.000000000000
128.000000000000 16.000000000000 4.000000000000 0.023447640000
256.000000000000 2.000000000000 512.000000000000 0.075761100000
512.000000000000 32.000000000000 1.000000000000 0.326874060000
2.000000000000 512.000000000000 8.000000000000 1000000000.000000000000
32.000000000000 512.000000000000 256.000000000000 1000000000.000000000000
512.000000000000 1.000000000000 256.000000000000 0.233818500000
1.000000000000 2.000000000000 32.000000000000 0.043783040000
256.000000000000 128.000000000000 64.000000000000 1000000000.000000000000
4.000000000000 128.000000000000 8.000000000000 0.134101960000
4.000000000000 8.000000000000 256.000000000000 1000000000.000000000000
4.000000000000 128.000000000000 64.000000000000 1000000000.000000000000
32.000000000000 2.000000000000 256.000000000000 0.040678840000
32.000000000000 1.000000000000 8.000000000000 0.009213280000
512.000000000000 8.000000000000 128.000000000000 0.029243440000
64.000000000000 4.000000000000 64.000000000000 0.012342440000
512.000000000000 8.000000000000 1.000000000000 0.055803620000
64.000000000000 16.000000000000 64.000000000000 0.007132180000
64.000000000000 16.000000000000 512.000000000000 1000000000.000000000000
64.000000000000 8.000000000000 256.000000000000 1000000000.000000000000
256.000000000000 32.000000000000 256.000000000000 1000000000.000000000000
64.000000000000 4.000000000000 256.000000000000 0.025861880000
256.000000000000 8.000000000000 256.000000000000 1000000000.000000000000
1.000000000000 256.000000000000 32.000000000000 1000000000.000000000000
256.000000000000 1.000000000000 64.000000000000 0.085430700000
256.000000000000 16.000000000000 256.000000000000 1000000000.000000000000
2.000000000000 32.000000000000 4.000000000000 0.028515100000
1.000000000000 256.000000000000 128.000000000000 1000000000.000000000000
64.000000000000 2.000000000000 8.000000000000 0.018657760000
16.000000000000 4.000000000000 256.000000000000 0.021834220000
8.000000000000 16.000000000000 1.000000000000 0.048391340000
16.000000000000 256.000000000000 8.000000000000 1000000000.000000000000
4.000000000000 256.000000000000 2.000000000000 0.156194100000
512.000000000000 256.000000000000 32.000000000000 1000000000.000000000000
32.000000000000 2.000000000000 512.000000000000 0.042578580000
256.000000000000 512.000000000000 16.000000000000 1000000000.000000000000
256.000000000000 128.000000000000 32.000000000000 1000000000.000000000000
512.000000000000 128.000000000000 16.000000000000 1000000000.000000000000
32.000000000000 32.000000000000 2.000000000000 0.050078180000
64.000000000000 32.000000000000 64.000000000000 1000000000.000000000000
4.000000000000 1.000000000000 1.000000000000 0.045054080000
32.000000000000 512.000000000000 64.000000000000 1000000000.000000000000
32.000000000000 2.000000000000 4.000000000000 0.017070820000
64.000000000000 16.000000000000 128.000000000000 1000000000.000000000000
64.000000000000 256.000000000000 2.000000000000 0.190180760000
512.000000000000 256.000000000000 16.000000000000 1000000000.000000000000
1.000000000000 64.000000000000 2.000000000000 0.031205000000
128.000000000000 512.000000000000 256.000000000000 1000000000.000000000000
512.000000000000 4.000000000000 32.000000000000 0.026229740000
32.000000000000 64.000000000000 64.000000000000 1000000000.000000000000
32.000000000000 512.000000000000 1.000000000000 1000000000.000000000000
128.000000000000 2.000000000000 1.000000000000 0.041645140000
1.000000000000 1.000000000000 8.000000000000 0.080920340000
256.000000000000 128.000000000000 16.000000000000 1000000000.000000000000
256.000000000000 2.000000000000 64.000000000000 0.043521640000
64.000000000000 1.000000000000 4.000000000000 0.010533020000
1.000000000000 4.000000000000 4.000000000000 0.026807980000
64.000000000000 32.000000000000 256.000000000000 1000000000.000000000000
512.000000000000 1.000000000000 32.000000000000 0.021164400000
512.000000000000 8.000000000000 256.000000000000 1000000000.000000000000
64.000000000000 512.000000000000 64.000000000000 1000000000.000000000000
1.000000000000 1.000000000000 32.000000000000 0.077506820000
8.000000000000 128.000000000000 512.000000000000 1000000000.000000000000
512.000000000000 2.000000000000 8.000000000000 0.026200820000
128.000000000000 32.000000000000 8.000000000000 0.021033820000
1.000000000000 32.000000000000 512.000000000000 1000000000.000000000000
512.000000000000 32.000000000000 128.000000000000 1000000000.000000000000
512.000000000000 256.000000000000 128.000000000000 1000000000.000000000000
2.000000000000 16.000000000000 64.000000000000 0.010531240000
4.000000000000 128.000000000000 2.000000000000 0.148960740000
1.000000000000 1.000000000000 64.000000000000 0.079104440000
256.000000000000 4.000000000000 256.000000000000 0.039922280000
2.000000000000 512.000000000000 256.000000000000 1000000000.000000000000
16.000000000000 16.000000000000 2.000000000000 0.031288260000
128.000000000000 256.000000000000 1.000000000000 0.223025360000
2.000000000000 1.000000000000 2.000000000000 0.052458900000
128.000000000000 32.000000000000 512.000000000000 1000000000.000000000000
64.000000000000 512.000000000000 256.000000000000 1000000000.000000000000
8.000000000000 512.000000000000 32.000000000000 1000000000.000000000000
512.000000000000 1.000000000000 1.000000000000 0.015677480000
2.000000000000 64.000000000000 256.000000000000 1000000000.000000000000
128.000000000000 4.000000000000 128.000000000000 0.024283740000
128.000000000000 16.000000000000 256.000000000000 1000000000.000000000000
32.000000000000 64.000000000000 32.000000000000 1000000000.000000000000
4.000000000000 128.000000000000 128.000000000000 1000000000.000000000000
256.000000000000 128.000000000000 512.000000000000 1000000000.000000000000
64.000000000000 4.000000000000 8.000000000000 0.013028700000
1.000000000000 32.000000000000 256.000000000000 1000000000.000000000000
256.000000000000 64.000000000000 1.000000000000 0.302298960000
64.000000000000 32.000000000000 8.000000000000 0.019540700000
2.000000000000 512.000000000000 32.000000000000 1000000000.000000000000
512.000000000000 512.000000000000 64.000000000000 1000000000.000000000000
64.000000000000 64.000000000000 64.000000000000 1000000000.000000000000
128.000000000000 512.000000000000 32.000000000000 1000000000.000000000000
4.000000000000 1.000000000000 256.000000000000 0.081566920000
128.000000000000 128.000000000000 1.000000000000 0.229735940000
64.000000000000 256.000000000000 8.000000000000 1000000000.000000000000
8.000000000000 2.000000000000 256.000000000000 0.040535600000
32.000000000000 16.000000000000 2.000000000000 0.030125540000
4.000000000000 16.000000000000 512.000000000000 1000000000.000000000000
2.000000000000 16.000000000000 128.000000000000 1000000000.000000000000
256.000000000000 256.000000000000 64.000000000000 1000000000.000000000000
64.000000000000 1.000000000000 512.000000000000 0.098351240000
512.000000000000 64.000000000000 128.000000000000 1000000000.000000000000
4.000000000000 64.000000000000 32.000000000000 1000000000.000000000000
512.000000000000 64.000000000000 64.000000000000 1000000000.000000000000
128.000000000000 512.000000000000 64.000000000000 1000000000.000000000000
512.000000000000 512.000000000000 256.000000000000 1000000000.000000000000
8.000000000000 64.000000000000 1.000000000000 0.100878260000
256.000000000000 1.000000000000 32.000000000000 0.071417660000
16.000000000000 64.000000000000 256.000000000000 1000000000.000000000000
2.000000000000 4.000000000000 512.000000000000 1000000000.000000000000
4.000000000000 32.000000000000 256.000000000000 1000000000.000000000000
512.000000000000 64.000000000000 16.000000000000 1000000000.000000000000
512.000000000000 128.000000000000 2.000000000000 0.550662420000
2.000000000000 16.000000000000 512.000000000000 1000000000.000000000000
128.000000000000 128.000000000000 32.000000000000 1000000000.000000000000
64.000000000000 16.000000000000 64.000000000000 0.007247820000
64.000000000000 16.000000000000 512.000000000000 1000000000.000000000000
64.000000000000 8.000000000000 256.000000000000 1000000000.000000000000
256.000000000000 32.000000000000 256.000000000000 1000000000.000000000000
64.000000000000 4.000000000000 256.000000000000 0.024913140000
256.000000000000 8.000000000000 256.000000000000 1000000000.000000000000
1.000000000000 256.000000000000 32.000000000000 1000000000.000000000000
256.000000000000 1.000000000000 64.000000000000 0.082813820000
256.000000000000 2.000000000000 32.000000000000 0.043807540000
64.000000000000 2.000000000000 512.000000000000 0.048276100000
512.000000000000 256.000000000000 2.000000000000 1000000000.000000000000
8.000000000000 2.000000000000 8.000000000000 0.016439340000
128.000000000000 2.000000000000 32.000000000000 0.022953940000
256.000000000000 4.000000000000 512.000000000000 1000000000.000000000000
16.000000000000 16.000000000000 512.000000000000 1000000000.000000000000
4.000000000000 64.000000000000 2.000000000000 0.098356380000
8.000000000000 64.000000000000 8.000000000000 0.079651780000
16.000000000000 4.000000000000 128.000000000000 0.020194620000
64.000000000000 32.000000000000 128.000000000000 1000000000.000000000000
8.000000000000 2.000000000000 1.000000000000 0.029494540000
64.000000000000 1.000000000000 256.000000000000 0.096091800000
64.000000000000 128.000000000000 512.000000000000 1000000000.000000000000
512.000000000000 512.000000000000 4.000000000000 1000000000.000000000000
16.000000000000 128.000000000000 8.000000000000 0.132056100000
256.000000000000 64.000000000000 8.000000000000 0.230468020000
256.000000000000 2.000000000000 128.000000000000 0.074908680000
8.000000000000 512.000000000000 4.000000000000 1000000000.000000000000
256.000000000000 256.000000000000 256.000000000000 1000000000.000000000000
256.000000000000 512.000000000000 8.000000000000 1000000000.000000000000
128.000000000000 2.000000000000 128.000000000000 0.045137040000
2.000000000000 16.000000000000 1.000000000000 0.037300380000
32.000000000000 1.000000000000 1.000000000000 0.012264600000
4.000000000000 8.000000000000 128.000000000000 0.013226200000
256.000000000000 1.000000000000 1.000000000000 0.020410220000
64.000000000000 256.000000000000 64.000000000000 1000000000.000000000000
256.000000000000 2.000000000000 16.000000000000 0.035612900000
1.000000000000 64.000000000000 64.000000000000 1000000000.000000000000
2.000000000000 1.000000000000 4.000000000000 0.050882680000
256.000000000000 256.000000000000 1.000000000000 0.377719760000
16.000000000000 128.000000000000 2.000000000000 0.155433400000
128.000000000000 2.000000000000 4.000000000000 0.020985940000
8.000000000000 256.000000000000 64.000000000000 1000000000.000000000000
64.000000000000 64.000000000000 2.000000000000 0.157111720000
2.000000000000 128.000000000000 4.000000000000 0.149346720000
64.000000000000 32.000000000000 1.000000000000 0.142650460000
16.000000000000 128.000000000000 16.000000000000 1000000000.000000000000
2.000000000000 2.000000000000 512.000000000000 0.042830200000
8.000000000000 64.000000000000 4.000000000000 0.086885200000
1.000000000000 2.000000000000 4.000000000000 0.043051740000
128.000000000000 128.000000000000 64.000000000000 1000000000.000000000000
512.000000000000 128.000000000000 4.000000000000 1000000000.000000000000
32.000000000000 256.000000000000 512.000000000000 1000000000.000000000000
16.000000000000 512.000000000000 512.000000000000 1000000000.000000000000
1.000000000000 64.000000000000 128.000000000000 1000000000.000000000000
16.000000000000 4.000000000000 512.000000000000 1000000000.000000000000
64.000000000000 16.000000000000 256.000000000000 1000000000.000000000000
1.000000000000 256.000000000000 1.000000000000 0.086663120000
1.000000000000 1.000000000000 2.000000000000 0.074515940000
16.000000000000 16.000000000000 4.000000000000 0.016936260000
64.000000000000 128.000000000000 8.000000000000 0.168062140000
64.000000000000 128.000000000000 1.000000000000 0.227330780000
64.000000000000 64.000000000000 1.000000000000 0.162311700000
32.000000000000 64.000000000000 1.000000000000 0.117566760000
512.000000000000 256.000000000000 4.000000000000 1000000000.000000000000
64.000000000000 2.000000000000 128.000000000000 0.046886400000
256.000000000000 16.000000000000 8.000000000000 0.025743820000
32.000000000000 128.000000000000 32.000000000000 1000000000.000000000000
512.000000000000 128.000000000000 1.000000000000 0.532995060000
2.000000000000 2.000000000000 4.000000000000 0.033101040000
2.000000000000 128.000000000000 2.000000000000 0.161999140000
32.000000000000 256.000000000000 1.000000000000 0.183511700000
4.000000000000 512.000000000000 1.000000000000 1000000000.000000000000
128.000000000000 1.000000000000 1.000000000000 0.010400660000
256.000000000000 4.000000000000 1.000000000000 0.065095720000
1.000000000000 16.000000000000 256.000000000000 1000000000.000000000000
512.000000000000 128.000000000000 128.000000000000 1000000000.000000000000
1.000000000000 64.000000000000 512.000000000000 1000000000.000000000000
32.000000000000 64.000000000000 128.000000000000 1000000000.000000000000
128.000000000000 32.000000000000 64.000000000000 1000000000.000000000000
32.000000000000 4.000000000000 32.000000000000 0.010806780000
256.000000000000 128.000000000000 128.000000000000 1000000000.000000000000
256.000000000000 2.000000000000 8.000000000000 0.033309720000
16.000000000000 2.000000000000 4.000000000000 0.018838280000
512.000000000000 128.000000000000 32.000000000000 1000000000.000000000000
64.000000000000 1.000000000000 1.000000000000 0.015371160000
128.000000000000 256.000000000000 256.000000000000 1000000000.000000000000
64.000000000000 4.000000000000 128.000000000000 0.022653740000
4.000000000000 256.000000000000 64.000000000000 1000000000.000000000000
1.000000000000 32.000000000000 64.000000000000 1000000000.000000000000
16.000000000000 16.000000000000 128.000000000000 1000000000.000000000000
256.000000000000 512.000000000000 256.000000000000 1000000000.000000000000
1.000000000000 256.000000000000 64.000000000000 1000000000.000000000000
8.000000000000 2.000000000000 128.000000000000 0.037533900000
512.000000000000 32.000000000000 2.000000000000 0.159975440000
8.000000000000 1.000000000000 256.000000000000 0.076889860000
32.000000000000 256.000000000000 256.000000000000 1000000000.000000000000
1.000000000000 512.000000000000 512.000000000000 1000000000.000000000000
64.000000000000 256.000000000000 128.000000000000 1000000000.000000000000
32.000000000000 512.000000000000 32.000000000000 1000000000.000000000000
4.000000000000 64.000000000000 4.000000000000 0.089334760000
512.000000000000 2.000000000000 32.000000000000 0.048358500000
64.000000000000 4.000000000000 1.000000000000 0.035748140000
1.000000000000 128.000000000000 1.000000000000 0.077399660000
512.000000000000 4.000000000000 128.000000000000 0.051353840000
32.000000000000 1.000000000000 256.000000000000 0.078899180000
32.000000000000 64.000000000000 2.000000000000 0.113117180000
4.000000000000 512.000000000000 2.000000000000 1000000000.000000000000
64.000000000000 128.000000000000 256.000000000000 1000000000.000000000000
256.000000000000 2.000000000000 32.000000000000 0.043829540000
64.000000000000 2.000000000000 512.000000000000 0.051467060000
512.000000000000 256.000000000000 2.000000000000 1000000000.000000000000
8.000000000000 2.000000000000 8.000000000000 0.016961880000
128.000000000000 2.000000000000 32.000000000000 0.023225040000
256.000000000000 4.000000000000 512.000000000000 1000000000.000000000000
16.000000000000 16.000000000000 512.000000000000 1000000000.000000000000
4.000000000000 64.000000000000 2.000000000000 0.099361560000
256.000000000000 8.000000000000 8.000000000000 0.017904500000
4.000000000000 128.000000000000 4.000000000000 0.137249960000
16.000000000000 1.000000000000 128.000000000000 0.071683540000
128.000000000000 512.000000000000 4.000000000000 1000000000.000000000000
64.000000000000 128.000000000000 128.000000000000 1000000000.000000000000
16.000000000000 32.000000000000 4.000000000000 0.026217060000
8.000000000000 512.000000000000 256.000000000000 1000000000.000000000000
16.000000000000 64.000000000000 64.000000000000 1000000000.000000000000
32.000000000000 128.000000000000 16.000000000000 1000000000.000000000000
1.000000000000 256.000000000000 4.000000000000 1000000000.000000000000
2.000000000000 256.000000000000 256.000000000000 1000000000.000000000000
128.000000000000 256.000000000000 128.000000000000 1000000000.000000000000
256.000000000000 16.000000000000 4.000000000000 0.043406340000
64.000000000000 2.000000000000 4.000000000000 0.022909160000
8.000000000000 2.000000000000 4.000000000000 0.019885580000
2.000000000000 2.000000000000 8.000000000000 0.034353520000
2.000000000000 1.000000000000 64.000000000000 0.058251140000
256.000000000000 2.000000000000 256.000000000000 0.078770920000
16.000000000000 64.000000000000 512.000000000000 1000000000.000000000000
512.000000000000 512.000000000000 8.000000000000 1000000000.000000000000
64.000000000000 2.000000000000 64.000000000000 0.023332480000
128.000000000000 1.000000000000 256.000000000000 0.093635060000
128.000000000000 4.000000000000 512.000000000000 1000000000.000000000000
8.000000000000 1.000000000000 1.000000000000 0.035351060000
512.000000000000 16.000000000000 128.000000000000 1000000000.000000000000
16.000000000000 2.000000000000 1.000000000000 0.035188100000
256.000000000000 1.000000000000 128.000000000000 0.146964700000
8.000000000000 64.000000000000 64.000000000000 1000000000.000000000000
256.000000000000 64.000000000000 256.000000000000 1000000000.000000000000
512.000000000000 4.000000000000 1.000000000000 0.059850500000
64.000000000000 64.000000000000 128.000000000000 1000000000.000000000000
16.000000000000 256.000000000000 256.000000000000 1000000000.000000000000
16.000000000000 1.000000000000 32.000000000000 0.036253900000
128.000000000000 128.000000000000 128.000000000000 1000000000.000000000000
1.000000000000 64.000000000000 1.000000000000 0.040549740000
4.000000000000 16.000000000000 4.000000000000 0.016423600000
128.000000000000 1.000000000000 8.000000000000 0.009125100000
1.000000000000 64.000000000000 256.000000000000 1000000000.000000000000
4.000000000000 512.000000000000 8.000000000000 1000000000.000000000000
512.000000000000 64.000000000000 2.000000000000 0.319159220000
16.000000000000 128.000000000000 32.000000000000 1000000000.000000000000
32.000000000000 2.000000000000 128.000000000000 0.036774140000
2.000000000000 1.000000000000 128.000000000000 0.079785580000
256.000000000000 128.000000000000 2.000000000000 0.352313020000
512.000000000000 2.000000000000 4.000000000000 0.026887100000
128.000000000000 64.000000000000 2.000000000000 0.169977460000
2.000000000000 64.000000000000 128.000000000000 1000000000.000000000000
16.000000000000 1.000000000000 1.000000000000 0.034862040000
128.000000000000 64.000000000000 64.000000000000 1000000000.000000000000
32.000000000000 128.000000000000 4.000000000000 0.135517980000
32.000000000000 256.000000000000 128.000000000000 1000000000.000000000000
128.000000000000 32.000000000000 2.000000000000 0.075808360000
32.000000000000 512.000000000000 512.000000000000 1000000000.000000000000
4.000000000000 1.000000000000 4.000000000000 0.035260560000
256.000000000000 4.000000000000 128.000000000000 0.038087760000
512.000000000000 2.000000000000 256.000000000000 0.116340900000
4.000000000000 64.000000000000 512.000000000000 1000000000.000000000000
16.000000000000 64.000000000000 128.000000000000 1000000000.000000000000
128.000000000000 256.000000000000 64.000000000000 1000000000.000000000000
8.000000000000 256.000000000000 8.000000000000 1000000000.000000000000
2.000000000000 16.000000000000 256.000000000000 1000000000.000000000000
4.000000000000 1.000000000000 128.000000000000 0.075436540000
16.000000000000 512.000000000000 64.000000000000 1000000000.000000000000
256.000000000000 256.000000000000 16.000000000000 1000000000.000000000000
1.000000000000 128.000000000000 4.000000000000 0.047999320000
128.000000000000 512.000000000000 128.000000000000 1000000000.000000000000
4.000000000000 128.000000000000 256.000000000000 1000000000.000000000000
256.000000000000 64.000000000000 32.000000000000 1000000000.000000000000
256.000000000000 64.000000000000 128.000000000000 1000000000.000000000000
32.000000000000 128.000000000000 512.000000000000 1000000000.000000000000
4.000000000000 512.000000000000 512.000000000000 1000000000.000000000000
8.000000000000 16.000000000000 512.000000000000 1000000000.000000000000
1.000000000000 16.000000000000 4.000000000000 0.015975860000
128.000000000000 256.000000000000 512.000000000000 1000000000.000000000000
512.000000000000 4.000000000000 4.000000000000 0.021530560000
32.000000000000 1.000000000000 512.000000000000 0.081461280000
8.000000000000 512.000000000000 512.000000000000 1000000000.000000000000
512.000000000000 256.000000000000 256.000000000000 1000000000.000000000000
256.000000000000 32.000000000000 2.000000000000 0.134084300000
4.000000000000 32.000000000000 2.000000000000 0.045581060000
1.000000000000 128.000000000000 128.000000000000 1000000000.000000000000
128.000000000000 16.000000000000 512.000000000000 1000000000.000000000000
512.000000000000 64.000000000000 256.000000000000 1000000000.000000000000
64.000000000000 512.000000000000 1.000000000000 1000000000.000000000000
64.000000000000 256.000000000000 1.000000000000 0.219068320000
256.000000000000 512.000000000000 1.000000000000 1000000000.000000000000
32.000000000000 64.000000000000 8.000000000000 0.088130820000
8.000000000000 32.000000000000 2.000000000000 0.044358660000
4.000000000000 32.000000000000 512.000000000000 1000000000.000000000000
512.000000000000 128.000000000000 512.000000000000 1000000000.000000000000
8.000000000000 64.000000000000 512.000000000000 1000000000.000000000000
2.000000000000 256.000000000000 2.000000000000 0.172050720000
16.000000000000 32.000000000000 2.000000000000 0.048798960000
2.000000000000 64.000000000000 4.000000000000 0.092275620000
256.000000000000 4.000000000000 16.000000000000 0.022116740000
16.000000000000 32.000000000000 256.000000000000 1000000000.000000000000
16.000000000000 64.000000000000 2.000000000000 0.109692820000
64.000000000000 32.000000000000 2.000000000000 0.069548420000
4.000000000000 4.000000000000 1.000000000000 0.028283680000
8.000000000000 32.000000000000 512.000000000000 1000000000.000000000000
256.000000000000 8.000000000000 8.000000000000 0.017412520000
4.000000000000 128.000000000000 4.000000000000 0.134449300000
16.000000000000 1.000000000000 128.000000000000 0.074983960000
128.000000000000 512.000000000000 4.000000000000 1000000000.000000000000
64.000000000000 128.000000000000 128.000000000000 1000000000.000000000000
16.000000000000 32.000000000000 4.000000000000 0.025502960000
8.000000000000 512.000000000000 256.000000000000 1000000000.000000000000
16.000000000000 64.000000000000 64.000000000000 1000000000.000000000000
1.000000000000 1.000000000000 256.000000000000 0.081333760000
1.000000000000 128.000000000000 16.000000000000 1000000000.000000000000
32.000000000000 4.000000000000 512.000000000000 1000000000.000000000000
2.000000000000 128.000000000000 512.000000000000 1000000000.000000000000
128.000000000000 128.000000000000 8.000000000000 0.170806700000
128.000000000000 128.000000000000 256.000000000000 1000000000.000000000000
4.000000000000 64.000000000000 8.000000000000 0.082686460000
16.000000000000 256.000000000000 4.000000000000 1000000000.000000000000
64.000000000000 512.000000000000 2.000000000000 1000000000.000000000000
16.000000000000 512.000000000000 128.000000000000 1000000000.000000000000
16.000000000000 256.000000000000 512.000000000000 1000000000.000000000000
8.000000000000 4.000000000000 512.000000000000 1000000000.000000000000
8.000000000000 128.000000000000 4.000000000000 0.126281460000
4.000000000000 512.000000000000 4.000000000000 1000000000.000000000000
8.000000000000 256.000000000000 256.000000000000 1000000000.000000000000
4.000000000000 64.000000000000 128.000000000000 1000000000.000000000000
4.000000000000 32.000000000000 128.000000000000 1000000000.000000000000
256.000000000000 512.000000000000 512.000000000000 1000000000.000000000000
64.000000000000 8.000000000000 2.000000000000 0.020958600000
4.000000000000 64.000000000000 1.000000000000 0.104021680000
64.000000000000 512.000000000000 4.000000000000 1000000000.000000000000
512.000000000000 128.000000000000 8.000000000000 1000000000.000000000000
128.000000000000 128.000000000000 512.000000000000 1000000000.000000000000
256.000000000000 32.000000000000 4.000000000000 0.068198160000
4.000000000000 256.000000000000 128.000000000000 1000000000.000000000000
128.000000000000 64.000000000000 4.000000000000 0.144013640000
512.000000000000 256.000000000000 1.000000000000 1000000000.000000000000
512.000000000000 4.000000000000 512.000000000000 1000000000.000000000000
