8.000000000000 32.000000000000 256.000000000000 1000000000.000000000000
512.000000000000 4.000000000000 512.000000000000 1000000000.000000000000
1.000000000000 32.000000000000 128.000000000000 1000000000.000000000000
32.000000000000 32.000000000000 512.000000000000 1000000000.000000000000
8.000000000000 2.000000000000 8.000000000000 0.016151540000
4.000000000000 128.000000000000 2.000000000000 0.142585180000
64.000000000000 16.000000000000 1.000000000000 0.060083260000
8.000000000000 64.000000000000 256.000000000000 1000000000.000000000000
128.000000000000 1.000000000000 1.000000000000 0.010860800000
1.000000000000 16.000000000000 16.000000000000 0.014624240000
2.000000000000 64.000000000000 256.000000000000 1000000000.000000000000
256.000000000000 512.000000000000 1.000000000000 1000000000.000000000000
64.000000000000 128.000000000000 1.000000000000 0.213742820000
128.000000000000 16.000000000000 128.000000000000 1000000000.000000000000
4.000000000000 64.000000000000 512.000000000000 1000000000.000000000000
16.000000000000 1.000000000000 1.000000000000 0.033051400000
1.000000000000 128.000000000000 4.000000000000 0.047029960000
32.000000000000 256.000000000000 2.000000000000 0.142529260000
4.000000000000 16.000000000000 4.000000000000 0.017257060000
256.000000000000 64.000000000000 32.000000000000 1000000000.000000000000
4.000000000000 512.000000000000 4.000000000000 1000000000.000000000000
64.000000000000 64.000000000000 8.000000000000 0.114732600000
16.000000000000 128.000000000000 8.000000000000 0.129513500000
8.000000000000 4.000000000000 64.000000000000 0.011265340000
2.000000000000 128.000000000000 128.000000000000 1000000000.000000000000
128.000000000000 32.000000000000 512.000000000000 1000000000.000000000000
32.000000000000 2.000000000000 4.000000000000 0.016174560000
512.000000000000 64.000000000000 4.000000000000 0.399113580000
1.000000000000 4.000000000000 256.000000000000 0.024324360000
16.000000000000 64.000000000000 4.000000000000 0.092373260000
128.000000000000 8.000000000000 16.000000000000 0.009031840000
16.000000000000 4.000000000000 8.000000000000 0.010286760000
2.000000000000 32.000000000000 4.000000000000 0.028426220000
16.000000000000 64.000000000000 32.000000000000 1000000000.000000000000
32.000000000000 64.000000000000 8.000000000000 0.086223680000
8.000000000000 2.000000000000 128.000000000000 0.034717000000
512.000000000000 512.000000000000 128.000000000000 1000000000.000000000000
16.000000000000 32.000000000000 128.000000000000 1000000000.000000000000
64.000000000000 16.000000000000 2.000000000000 0.036846120000
32.000000000000 32.000000000000 8.000000000000 0.014320400000
8.000000000000 1.000000000000 4.000000000000 0.025722040000
64.000000000000 1.000000000000 4.000000000000 0.010482120000
16.000000000000 512.000000000000 1.000000000000 1000000000.000000000000
256.000000000000 1.000000000000 8.000000000000 0.014667700000
64.000000000000 256.000000000000 512.000000000000 1000000000.000000000000
256.000000000000 128.000000000000 256.000000000000 1000000000.000000000000
64.000000000000 64.000000000000 256.000000000000 1000000000.000000000000
64.000000000000 1.000000000000 32.000000000000 0.041342480000
2.000000000000 8.000000000000 32.000000000000 0.012519460000
64.000000000000 128.000000000000 16.000000000000 1000000000.000000000000
2.000000000000 2.000000000000 16.000000000000 0.026435620000
512.000000000000 256.000000000000 2.000000000000 1000000000.000000000000
8.000000000000 512.000000000000 8.000000000000 1000000000.000000000000
256.000000000000 256.000000000000 2.000000000000 0.325283540000
32.000000000000 512.000000000000 1.000000000000 1000000000.000000000000
16.000000000000 256.000000000000 64.000000000000 1000000000.000000000000
1.000000000000 32.000000000000 1.000000000000 0.031769680000
1.000000000000 512.000000000000 4.000000000000 1000000000.000000000000
4.000000000000 64.000000000000 4.000000000000 0.090529380000
64.000000000000 32.000000000000 256.000000000000 1000000000.000000000000
8.000000000000 2.000000000000 256.000000000000 0.036558720000
8.000000000000 8.000000000000 1.000000000000 0.025594980000
32.000000000000 4.000000000000 16.000000000000 0.008357480000
128.000000000000 256.000000000000 64.000000000000 1000000000.000000000000
256.000000000000 64.000000000000 64.000000000000 1000000000.000000000000
2.000000000000 16.000000000000 256.000000000000 1000000000.000000000000
2.000000000000 128.000000000000 256.000000000000 1000000000.000000000000
512.000000000000 8.000000000000 2.000000000000 0.029753120000
2.000000000000 1.000000000000 8.000000000000 0.044471260000
8.000000000000 128.000000000000 64.000000000000 1000000000.000000000000
128.000000000000 16.000000000000 2.000000000000 0.039960680000
64.000000000000 512.000000000000 128.000000000000 1000000000.000000000000
32.000000000000 128.000000000000 32.000000000000 1000000000.000000000000
256.000000000000 128.000000000000 4.000000000000 0.321785040000
1.000000000000 128.000000000000 1.000000000000 0.072233220000
256.000000000000 1.000000000000 2.000000000000 0.018411260000
1.000000000000 16.000000000000 512.000000000000 1000000000.000000000000
256.000000000000 4.000000000000 1.000000000000 0.059876540000
16.000000000000 8.000000000000 512.000000000000 1000000000.000000000000
64.000000000000 64.000000000000 128.000000000000 1000000000.000000000000
2.000000000000 512.000000000000 256.000000000000 1000000000.000000000000
2.000000000000 4.000000000000 32.000000000000 0.017594080000
16.000000000000 64.000000000000 2.000000000000 0.109248340000
2.000000000000 128.000000000000 512.000000000000 1000000000.000000000000
128.000000000000 2.000000000000 64.000000000000 0.024127180000
8.000000000000 8.000000000000 8.000000000000 0.008286080000
2.000000000000 16.000000000000 64.000000000000 0.010805000000
32.000000000000 32.000000000000 256.000000000000 1000000000.000000000000
1.000000000000 64.000000000000 2.000000000000 0.030199460000
1.000000000000 64.000000000000 1.000000000000 0.039882300000
2.000000000000 8.000000000000 256.000000000000 1000000000.000000000000
8.000000000000 128.000000000000 16.000000000000 1000000000.000000000000
2.000000000000 256.000000000000 64.000000000000 1000000000.000000000000
256.000000000000 16.000000000000 8.000000000000 0.026639340000
128.000000000000 1.000000000000 128.000000000000 0.079018820000
4.000000000000 32.000000000000 64.000000000000 1000000000.000000000000
256.000000000000 64.000000000000 4.000000000000 0.261746400000
2.000000000000 2.000000000000 4.000000000000 0.030947000000
2.000000000000 128.000000000000 64.000000000000 1000000000.000000000000
128.000000000000 8.000000000000 64.000000000000 0.010394240000
8.000000000000 32.000000000000 256.000000000000 1000000000.000000000000
512.000000000000 4.000000000000 512.000000000000 1000000000.000000000000
1.000000000000 32.000000000000 128.000000000000 1000000000.000000000000
32.000000000000 32.000000000000 512.000000000000 1000000000.000000000000
8.000000000000 2.000000000000 8.000000000000 0.016466000000
4.000000000000 128.000000000000 2.000000000000 0.144585460000
64.000000000000 16.000000000000 1.000000000000 0.058570640000
8.000000000000 64.000000000000 256.000000000000 1000000000.000000000000
256.000000000000 256.000000000000 8.000000000000 1000000000.000000000000
512.000000000000 512.000000000000 2.000000000000 1000000000.000000000000
8.000000000000 4.000000000000 4.000000000000 0.013103880000
2.000000000000 4.000000000000 8.000000000000 0.017151220000
128.000000000000 1.000000000000 4.000000000000 0.008822340000
128.000000000000 1.000000000000 16.000000000000 0.030744060000
32.000000000000 8.000000000000 8.000000000000 0.007405880000
2.000000000000 4.000000000000 64.000000000000 0.018730120000
2.000000000000 16.000000000000 2.000000000000 0.022032860000
32.000000000000 4.000000000000 64.000000000000 0.011155960000
64.000000000000 2.000000000000 32.000000000000 0.022666940000
64.000000000000 32.000000000000 4.000000000000 0.034952100000
8.000000000000 16.000000000000 16.000000000000 0.007737240000
2.000000000000 4.000000000000 128.000000000000 0.023246380000
128.000000000000 1.000000000000 64.000000000000 0.041852540000
256.000000000000 16.000000000000 256.000000000000 1000000000.000000000000
4.000000000000 16.000000000000 16.000000000000 0.009021940000
256.000000000000 32.000000000000 8.000000000000 0.036863380000
32.000000000000 16.000000000000 4.000000000000 0.017046120000
2.000000000000 16.000000000000 32.000000000000 0.010744780000
2.000000000000 16.000000000000 4.000000000000 0.015768800000
256.000000000000 4.000000000000 64.000000000000 0.026885700000
4.000000000000 4.000000000000 16.000000000000 0.012544760000
128.000000000000 16.000000000000 4.000000000000 0.023941380000
128.000000000000 8.000000000000 128.000000000000 0.014706040000
128.000000000000 4.000000000000 8.000000000000 0.011141780000
2.000000000000 1.000000000000 4.000000000000 0.046404280000
2.000000000000 8.000000000000 64.000000000000 0.012975120000
2.000000000000 16.000000000000 8.000000000000 0.013097660000
64.000000000000 2.000000000000 8.000000000000 0.017132300000
4.000000000000 2.000000000000 4.000000000000 0.022600420000
128.000000000000 8.000000000000 8.000000000000 0.009616900000
1.000000000000 64.000000000000 64.000000000000 1000000000.000000000000
32.000000000000 4.000000000000 8.000000000000 0.009165900000
128.000000000000 1.000000000000 8.000000000000 0.008712140000
1.000000000000 4.000000000000 32.000000000000 0.024630300000
128.000000000000 1.000000000000 2.000000000000 0.011085400000
8.000000000000 64.000000000000 1.000000000000 0.100882480000
16.000000000000 8.000000000000 2.000000000000 0.016128680000
64.000000000000 4.000000000000 4.000000000000 0.013902580000
2.000000000000 512.000000000000 64.000000000000 1000000000.000000000000
8.000000000000 1.000000000000 256.000000000000 0.075145260000
4.000000000000 1.000000000000 16.000000000000 0.031552380000
64.000000000000 8.000000000000 32.000000000000 0.009096540000
32.000000000000 128.000000000000 8.000000000000 0.128655340000
2.000000000000 128.000000000000 4.000000000000 0.142023500000
128.000000000000 16.000000000000 64.000000000000 0.008382940000
32.000000000000 2.000000000000 8.000000000000 0.014422240000
8.000000000000 8.000000000000 32.000000000000 0.007889100000
128.000000000000 1.000000000000 32.000000000000 0.038745040000
128.000000000000 512.000000000000 8.000000000000 1000000000.000000000000
16.000000000000 32.000000000000 1.000000000000 0.096586080000
128.000000000000 2.000000000000 16.000000000000 0.018096480000
4.000000000000 16.000000000000 2.000000000000 0.029071700000
32.000000000000 16.000000000000 8.000000000000 0.010785200000
2.000000000000 2.000000000000 8.000000000000 0.032446160000
32.000000000000 4.000000000000 4.000000000000 0.010721980000
2.000000000000 4.000000000000 16.000000000000 0.015865160000
16.000000000000 2.000000000000 8.000000000000 0.015536160000
2.000000000000 1.000000000000 2.000000000000 0.047296240000
32.000000000000 1.000000000000 32.000000000000 0.033159620000
128.000000000000 8.000000000000 1.000000000000 0.033856020000
128.000000000000 8.000000000000 4.000000000000 0.013759720000
1.000000000000 4.000000000000 128.000000000000 0.025047280000
1.000000000000 16.000000000000 32.000000000000 0.014628800000
128.000000000000 16.000000000000 8.000000000000 0.014021140000
8.000000000000 4.000000000000 1.000000000000 0.024372720000
256.000000000000 1.000000000000 256.000000000000 0.144624580000
16.000000000000 4.000000000000 256.000000000000 0.020785940000
32.000000000000 256.000000000000 8.000000000000 1000000000.000000000000
128.000000000000 64.000000000000 4.000000000000 0.141058840000
4.000000000000 8.000000000000 16.000000000000 0.009517600000
1.000000000000 64.000000000000 32.000000000000 0.024553860000
8.000000000000 256.000000000000 2.000000000000 0.137766220000
8.000000000000 8.000000000000 2.000000000000 0.015605240000
8.000000000000 8.000000000000 16.000000000000 0.008166960000
8.000000000000 32.000000000000 8.000000000000 0.014585300000
16.000000000000 16.000000000000 4.000000000000 0.016916260000
128.000000000000 32.000000000000 4.000000000000 0.037030400000
128.000000000000 2.000000000000 256.000000000000 0.047912920000
2.000000000000 16.000000000000 1.000000000000 0.037264560000
32.000000000000 2.000000000000 2.000000000000 0.021793520000
16.000000000000 8.000000000000 8.000000000000 0.007581460000
8.000000000000 16.000000000000 4.000000000000 0.016391940000
64.000000000000 8.000000000000 1.000000000000 0.031191800000
2.000000000000 8.000000000000 1.000000000000 0.027353380000
8.000000000000 1.000000000000 8.000000000000 0.013869080000
16.000000000000 8.000000000000 64.000000000000 0.008480020000
64.000000000000 1.000000000000 1.000000000000 0.013461820000
8.000000000000 2.000000000000 16.000000000000 0.016172540000
64.000000000000 32.000000000000 8.000000000000 0.018226440000
8.000000000000 8.000000000000 256.000000000000 1000000000.000000000000
128.000000000000 2.000000000000 8.000000000000 0.017176760000
256.000000000000 4.000000000000 8.000000000000 0.021903700000
32.000000000000 1.000000000000 2.000000000000 0.009751640000
128.000000000000 8.000000000000 2.000000000000 0.018652620000
1.000000000000 8.000000000000 64.000000000000 0.017175320000
128.000000000000 8.000000000000 32.000000000000 0.008771100000
2.000000000000 16.000000000000 128.000000000000 1000000000.000000000000
16.000000000000 8.000000000000 32.000000000000 0.007548220000
256.000000000000 256.000000000000 8.000000000000 1000000000.000000000000
512.000000000000 512.000000000000 2.000000000000 1000000000.000000000000
8.000000000000 4.000000000000 4.000000000000 0.012735020000
2.000000000000 4.000000000000 8.000000000000 0.017657220000
128.000000000000 1.000000000000 4.000000000000 0.009502220000
128.000000000000 1.000000000000 16.000000000000 0.029666800000
32.000000000000 8.000000000000 8.000000000000 0.007610280000
2.000000000000 4.000000000000 64.000000000000 0.018199300000
128.000000000000 256.000000000000 256.000000000000 1000000000.000000000000
128.000000000000 8.000000000000 256.000000000000 1000000000.000000000000
16.000000000000 64.000000000000 8.000000000000 0.089539480000
16.000000000000 2.000000000000 16.000000000000 0.015036700000
256.000000000000 32.000000000000 2.000000000000 0.126933000000
32.000000000000 256.000000000000 4.000000000000 0.129072460000
128.000000000000 64.000000000000 1.000000000000 0.168235560000
2.000000000000 512.000000000000 8.000000000000 1000000000.000000000000
4.000000000000 2.000000000000 32.000000000000 0.026272220000
128.000000000000 256.000000000000 32.000000000000 1000000000.000000000000
512.000000000000 32.000000000000 8.000000000000 0.041787140000
32.000000000000 1.000000000000 1.000000000000 0.011421780000
2.000000000000 16.000000000000 512.000000000000 1000000000.000000000000
2.000000000000 4.000000000000 4.000000000000 0.020018140000
4.000000000000 8.000000000000 4.000000000000 0.012626440000
4.000000000000 8.000000000000 64.000000000000 0.010296140000
32.000000000000 1.000000000000 8.000000000000 0.009417500000
2.000000000000 8.000000000000 16.000000000000 0.012700980000
64.000000000000 4.000000000000 128.000000000000 0.024408880000
16.000000000000 4.000000000000 4.000000000000 0.012208620000
8.000000000000 16.000000000000 32.000000000000 0.006442240000
16.000000000000 1.000000000000 32.000000000000 0.035329760000
32.000000000000 16.000000000000 16.000000000000 0.007485840000
8.000000000000 32.000000000000 16.000000000000 0.009512960000
64.000000000000 1.000000000000 64.000000000000 0.042307520000
256.000000000000 2.000000000000 8.000000000000 0.032364960000
1.000000000000 4.000000000000 1.000000000000 0.030988720000
2.000000000000 64.000000000000 64.000000000000 1000000000.000000000000
8.000000000000 4.000000000000 512.000000000000 1000000000.000000000000
128.000000000000 128.000000000000 8.000000000000 0.165523520000
256.000000000000 16.000000000000 4.000000000000 0.041302960000
32.000000000000 2.000000000000 1.000000000000 0.031772160000
128.000000000000 2.000000000000 1.000000000000 0.039290460000
4.000000000000 1.000000000000 4.000000000000 0.034607140000
4.000000000000 64.000000000000 2.000000000000 0.101070840000
1.000000000000 2.000000000000 8.000000000000 0.041614340000
4.000000000000 8.000000000000 256.000000000000 1000000000.000000000000
256.000000000000 128.000000000000 8.000000000000 0.314516100000
32.000000000000 32.000000000000 2.000000000000 0.051078240000
32.000000000000 2.000000000000 64.000000000000 0.019459600000
1.000000000000 8.000000000000 16.000000000000 0.017191860000
32.000000000000 16.000000000000 512.000000000000 1000000000.000000000000
2.000000000000 128.000000000000 16.000000000000 1000000000.000000000000
8.000000000000 64.000000000000 8.000000000000 0.080993400000
64.000000000000 8.000000000000 16.000000000000 0.009661400000
64.000000000000 32.000000000000 16.000000000000 0.011604620000
2.000000000000 8.000000000000 2.000000000000 0.018989340000
32.000000000000 32.000000000000 64.000000000000 1000000000.000000000000
8.000000000000 1.000000000000 16.000000000000 0.026854840000
8.000000000000 256.000000000000 512.000000000000 1000000000.000000000000
128.000000000000 256.000000000000 4.000000000000 0.165297660000
1.000000000000 8.000000000000 8.000000000000 0.017791740000
128.000000000000 4.000000000000 16.000000000000 0.010638720000
32.000000000000 16.000000000000 32.000000000000 0.005787380000
1.000000000000 16.000000000000 8.000000000000 0.015064720000
4.000000000000 8.000000000000 1.000000000000 0.022739500000
128.000000000000 64.000000000000 32.000000000000 1000000000.000000000000
1.000000000000 4.000000000000 16.000000000000 0.024209820000
16.000000000000 4.000000000000 64.000000000000 0.011950180000
8.000000000000 64.000000000000 32.000000000000 1000000000.000000000000
8.000000000000 256.000000000000 16.000000000000 1000000000.000000000000
64.000000000000 8.000000000000 2.000000000000 0.018696900000
32.000000000000 2.000000000000 16.000000000000 0.014280140000
32.000000000000 128.000000000000 4.000000000000 0.133775660000
4.000000000000 1.000000000000 8.000000000000 0.033660760000
128.000000000000 64.000000000000 8.000000000000 0.122508740000
64.000000000000 1.000000000000 8.000000000000 0.009272060000
2.000000000000 8.000000000000 8.000000000000 0.012359780000
32.000000000000 2.000000000000 32.000000000000 0.018133960000
16.000000000000 8.000000000000 16.000000000000 0.007977340000
8.000000000000 2.000000000000 1.000000000000 0.028591680000
256.000000000000 2.000000000000 4.000000000000 0.037379360000
512.000000000000 1.000000000000 4.000000000000 0.011901660000
2.000000000000 4.000000000000 2.000000000000 0.024174160000
2.000000000000 8.000000000000 4.000000000000 0.014456300000
4.000000000000 4.000000000000 2.000000000000 0.018904980000
16.000000000000 32.000000000000 8.000000000000 0.014787180000
512.000000000000 8.000000000000 8.000000000000 0.014403960000
64.000000000000 8.000000000000 8.000000000000 0.009199840000
16.000000000000 4.000000000000 16.000000000000 0.009361400000
64.000000000000 8.000000000000 64.000000000000 0.010855800000
512.000000000000 4.000000000000 4.000000000000 0.021552240000
16.000000000000 256.000000000000 8.000000000000 1000000000.000000000000
8.000000000000 512.000000000000 16.000000000000 1000000000.000000000000
16.000000000000 8.000000000000 4.000000000000 0.010519960000
128.000000000000 16.000000000000 16.000000000000 0.010200640000
128.000000000000 16.000000000000 512.000000000000 1000000000.000000000000
256.000000000000 2.000000000000 64.000000000000 0.046156040000
16.000000000000 128.000000000000 4.000000000000 0.136161560000
64.000000000000 4.000000000000 64.000000000000 0.013421400000
2.000000000000 4.000000000000 512.000000000000 1000000000.000000000000
128.000000000000 64.000000000000 64.000000000000 1000000000.000000000000
512.000000000000 2.000000000000 4.000000000000 0.027191580000
256.000000000000 16.000000000000 512.000000000000 1000000000.000000000000
1.000000000000 8.000000000000 128.000000000000 0.017445300000
16.000000000000 8.000000000000 1.000000000000 0.025649100000
256.000000000000 8.000000000000 8.000000000000 0.016798500000
32.000000000000 8.000000000000 64.000000000000 0.008135140000
16.000000000000 2.000000000000 128.000000000000 0.037500420000
4.000000000000 1.000000000000 2.000000000000 0.037281840000
128.000000000000 256.000000000000 256.000000000000 1000000000.000000000000
128.000000000000 8.000000000000 256.000000000000 1000000000.000000000000
16.000000000000 64.000000000000 8.000000000000 0.089560360000
16.000000000000 2.000000000000 16.000000000000 0.015007260000
256.000000000000 32.000000000000 2.000000000000 0.131278180000
32.000000000000 256.000000000000 4.000000000000 0.132544860000
128.000000000000 64.000000000000 1.000000000000 0.168189660000
2.000000000000 512.000000000000 8.000000000000 1000000000.000000000000
32.000000000000 128.000000000000 16.000000000000 1000000000.000000000000
2.000000000000 16.000000000000 16.000000000000 0.011608740000
16.000000000000 2.000000000000 1.000000000000 0.034101380000
4.000000000000 512.000000000000 1.000000000000 1000000000.000000000000
64.000000000000 1.000000000000 128.000000000000 0.079402300000
8.000000000000 1.000000000000 2.000000000000 0.029412360000
512.000000000000 8.000000000000 64.000000000000 0.021283220000
8.000000000000 4.000000000000 16.000000000000 0.010072260000
512.000000000000 2.000000000000 64.000000000000 0.056599860000
128.000000000000 64.000000000000 16.000000000000 0.118041580000
4.000000000000 8.000000000000 8.000000000000 0.009898680000
32.000000000000 2.000000000000 512.000000000000 0.040269600000
32.000000000000 4.000000000000 2.000000000000 0.016607240000
4.000000000000 16.000000000000 32.000000000000 0.007855180000
16.000000000000 1.000000000000 16.000000000000 0.023865880000
32.000000000000 16.000000000000 256.000000000000 1000000000.000000000000
16.000000000000 64.000000000000 64.000000000000 1000000000.000000000000
16.000000000000 512.000000000000 16.000000000000 1000000000.000000000000
32.000000000000 8.000000000000 16.000000000000 0.007554400000
512.000000000000 1.000000000000 1.000000000000 0.015668040000
512.000000000000 128.000000000000 64.000000000000 1000000000.000000000000
32.000000000000 8.000000000000 2.000000000000 0.014827020000
2.000000000000 64.000000000000 32.000000000000 1000000000.000000000000
256.000000000000 8.000000000000 32.000000000000 0.016500060000
16.000000000000 16.000000000000 16.000000000000 0.007871480000
128.000000000000 32.000000000000 16.000000000000 0.012485320000
2.000000000000 32.000000000000 2.000000000000 0.046798920000
512.000000000000 32.000000000000 2.000000000000 0.160208500000
64.000000000000 8.000000000000 128.000000000000 0.014947440000
16.000000000000 16.000000000000 8.000000000000 0.010916240000
2.000000000000 128.000000000000 8.000000000000 0.141526480000
64.000000000000 8.000000000000 512.000000000000 1000000000.000000000000
16.000000000000 128.000000000000 64.000000000000 1000000000.000000000000
16.000000000000 4.000000000000 1.000000000000 0.026864780000
64.000000000000 32.000000000000 64.000000000000 1000000000.000000000000
2.000000000000 64.000000000000 128.000000000000 1000000000.000000000000
16.000000000000 16.000000000000 32.000000000000 0.006432520000
8.000000000000 8.000000000000 4.000000000000 0.010516800000
512.000000000000 1.000000000000 128.000000000000 0.047994720000
64.000000000000 1.000000000000 16.000000000000 0.028976060000
4.000000000000 2.000000000000 16.000000000000 0.022011380000
2.000000000000 2.000000000000 32.000000000000 0.030106000000
16.000000000000 256.000000000000 32.000000000000 1000000000.000000000000
32.000000000000 8.000000000000 4.000000000000 0.009999660000
128.000000000000 2.000000000000 2.000000000000 0.025783080000
16.000000000000 8.000000000000 256.000000000000 1000000000.000000000000
8.000000000000 32.000000000000 1.000000000000 0.082018860000
128.000000000000 16.000000000000 256.000000000000 1000000000.000000000000
4.000000000000 64.000000000000 8.000000000000 0.083856140000
512.000000000000 8.000000000000 4.000000000000 0.018758360000
32.000000000000 4.000000000000 32.000000000000 0.010867580000
64.000000000000 32.000000000000 1.000000000000 0.132578440000
1.000000000000 16.000000000000 64.000000000000 0.014765740000
16.000000000000 4.000000000000 2.000000000000 0.017404540000
512.000000000000 1.000000000000 8.000000000000 0.012200460000
8.000000000000 16.000000000000 8.000000000000 0.010918840000
8.000000000000 8.000000000000 64.000000000000 0.008811380000
32.000000000000 4.000000000000 128.000000000000 0.020043560000
8.000000000000 16.000000000000 64.000000000000 0.007129780000
4.000000000000 8.000000000000 32.000000000000 0.009682640000
128.000000000000 128.000000000000 256.000000000000 1000000000.000000000000
1.000000000000 16.000000000000 256.000000000000 1000000000.000000000000
32.000000000000 32.000000000000 16.000000000000 0.009529340000
1.000000000000 2.000000000000 16.000000000000 0.039919700000
32.000000000000 16.000000000000 64.000000000000 0.006798680000
8.000000000000 32.000000000000 4.000000000000 0.023198440000
1.000000000000 2.000000000000 128.000000000000 0.040400420000
8.000000000000 512.000000000000 4.000000000000 1000000000.000000000000
32.000000000000 64.000000000000 1.000000000000 0.113845700000
64.000000000000 4.000000000000 2.000000000000 0.020949460000
512.000000000000 16.000000000000 32.000000000000 0.014460600000
1.000000000000 256.000000000000 2.000000000000 0.061668620000
256.000000000000 8.000000000000 16.000000000000 0.014945760000
2.000000000000 8.000000000000 128.000000000000 0.014733580000
1.000000000000 32.000000000000 2.000000000000 0.022720100000
2.000000000000 256.000000000000 8.000000000000 1000000000.000000000000
128.000000000000 256.000000000000 16.000000000000 1000000000.000000000000
32.000000000000 16.000000000000 1.000000000000 0.048246700000
1.000000000000 8.000000000000 256.000000000000 1000000000.000000000000
8.000000000000 128.000000000000 8.000000000000 0.120954080000
256.000000000000 8.000000000000 4.000000000000 0.022872260000
64.000000000000 4.000000000000 16.000000000000 0.010756660000
8.000000000000 128.000000000000 4.000000000000 0.125626420000
256.000000000000 8.000000000000 64.000000000000 0.019889480000
128.000000000000 32.000000000000 8.000000000000 0.019607460000
8.000000000000 128.000000000000 512.000000000000 1000000000.000000000000
16.000000000000 4.000000000000 128.000000000000 0.020710300000
1.000000000000 16.000000000000 2.000000000000 0.018831940000
64.000000000000 256.000000000000 32.000000000000 1000000000.000000000000
64.000000000000 16.000000000000 32.000000000000 0.007571900000
64.000000000000 32.000000000000 128.000000000000 1000000000.000000000000
256.000000000000 4.000000000000 2.000000000000 0.036096680000
2.000000000000 1.000000000000 1.000000000000 0.049515920000
256.000000000000 2.000000000000 16.000000000000 0.033228580000
512.000000000000 32.000000000000 16.000000000000 0.021705760000
32.000000000000 4.000000000000 256.000000000000 0.021027740000
8.000000000000 8.000000000000 128.000000000000 0.012099160000
16.000000000000 64.000000000000 256.000000000000 1000000000.000000000000
128.000000000000 4.000000000000 512.000000000000 1000000000.000000000000
64.000000000000 16.000000000000 4.000000000000 0.022106200000
32.000000000000 128.000000000000 16.000000000000 1000000000.000000000000
2.000000000000 16.000000000000 16.000000000000 0.011514540000
16.000000000000 2.000000000000 1.000000000000 0.033191900000
4.000000000000 512.000000000000 1.000000000000 1000000000.000000000000
64.000000000000 1.000000000000 128.000000000000 0.080235420000
8.000000000000 1.000000000000 2.000000000000 0.029628780000
512.000000000000 8.000000000000 64.000000000000 0.021315820000
8.000000000000 4.000000000000 16.000000000000 0.009718380000
16.000000000000 16.000000000000 64.000000000000 0.007473120000
512.000000000000 4.000000000000 64.000000000000 0.031251820000
512.000000000000 16.000000000000 2.000000000000 0.061049460000
64.000000000000 512.000000000000 4.000000000000 1000000000.000000000000
16.000000000000 8.000000000000 128.000000000000 0.012281060000
64.000000000000 4.000000000000 32.000000000000 0.013662180000
512.000000000000 64.000000000000 16.000000000000 0.440150320000
128.000000000000 128.000000000000 4.000000000000 0.170422880000
1.000000000000 16.000000000000 4.000000000000 0.015952940000
256.000000000000 1.000000000000 4.000000000000 0.015355120000
1.000000000000 32.000000000000 512.000000000000 1000000000.000000000000
128.000000000000 4.000000000000 32.000000000000 0.012067180000
16.000000000000 16.000000000000 256.000000000000 1000000000.000000000000
32.000000000000 256.000000000000 256.000000000000 1000000000.000000000000
4.000000000000 8.000000000000 512.000000000000 1000000000.000000000000
64.000000000000 256.000000000000 16.000000000000 1000000000.000000000000
8.000000000000 16.000000000000 128.000000000000 1000000000.000000000000
8.000000000000 4.000000000000 2.000000000000 0.018682060000
8.000000000000 32.000000000000 32.000000000000 0.007734260000
16.000000000000 2.000000000000 64.000000000000 0.021239420000
256.000000000000 4.000000000000 128.000000000000 0.037793700000
16.000000000000 4.000000000000 32.000000000000 0.012261020000
4.000000000000 2.000000000000 64.000000000000 0.024982500000
512.000000000000 8.000000000000 16.000000000000 0.016624040000
64.000000000000 16.000000000000 8.000000000000 0.013634480000
8.000000000000 1.000000000000 64.000000000000 0.037437120000
16.000000000000 128.000000000000 16.000000000000 1000000000.000000000000
8.000000000000 16.000000000000 512.000000000000 1000000000.000000000000
32.000000000000 256.000000000000 1.000000000000 0.176547140000
2.000000000000 128.000000000000 2.000000000000 0.153685080000
32.000000000000 512.000000000000 2.000000000000 1000000000.000000000000
128.000000000000 16.000000000000 32.000000000000 0.007221520000
32.000000000000 2.000000000000 128.000000000000 0.036937480000
8.000000000000 4.000000000000 128.000000000000 0.019556200000
512.000000000000 16.000000000000 128.000000000000 1000000000.000000000000
8.000000000000 256.000000000000 8.000000000000 1000000000.000000000000
16.000000000000 64.000000000000 1.000000000000 0.113285160000
4.000000000000 256.000000000000 32.000000000000 1000000000.000000000000
32.000000000000 32.000000000000 1.000000000000 0.097244840000
4.000000000000 64.000000000000 32.000000000000 1000000000.000000000000
8.000000000000 1.000000000000 32.000000000000 0.036629200000
128.000000000000 256.000000000000 128.000000000000 1000000000.000000000000
256.000000000000 128.000000000000 16.000000000000 1000000000.000000000000
1.000000000000 16.000000000000 128.000000000000 1000000000.000000000000
512.000000000000 16.000000000000 1.000000000000 0.079023960000
256.000000000000 16.000000000000 64.000000000000 0.016977780000
8.000000000000 16.000000000000 1.000000000000 0.045309280000
256.000000000000 8.000000000000 2.000000000000 0.035798060000
