1.000000000000 1.000000000000 1.000000000000 0.079454860000
2.000000000000 1.000000000000 1.000000000000 0.053131300000
4.000000000000 1.000000000000 1.000000000000 0.043321980000
8.000000000000 1.000000000000 1.000000000000 0.035415240000
16.000000000000 1.000000000000 1.000000000000 0.034141760000
32.000000000000 1.000000000000 1.000000000000 0.012285800000
64.000000000000 1.000000000000 1.000000000000 0.014223020000
128.000000000000 1.000000000000 1.000000000000 0.011566920000
256.000000000000 1.000000000000 1.000000000000 0.018619580000
512.000000000000 1.000000000000 1.000000000000 0.015598860000
1.000000000000 2.000000000000 1.000000000000 0.046214060000
2.000000000000 2.000000000000 1.000000000000 0.042509080000
4.000000000000 2.000000000000 1.000000000000 0.034605060000
8.000000000000 2.000000000000 1.000000000000 0.028884500000
16.000000000000 2.000000000000 1.000000000000 0.034647400000
32.000000000000 2.000000000000 1.000000000000 0.034540840000
64.000000000000 2.000000000000 1.000000000000 0.043165720000
128.000000000000 2.000000000000 1.000000000000 0.042977600000
256.000000000000 2.000000000000 1.000000000000 0.085459660000
512.000000000000 2.000000000000 1.000000000000 0.051788540000
1.000000000000 4.000000000000 1.000000000000 0.031351920000
2.000000000000 4.000000000000 1.000000000000 0.032289280000
4.000000000000 4.000000000000 1.000000000000 0.028664000000
8.000000000000 4.000000000000 1.000000000000 0.024989120000
16.000000000000 4.000000000000 1.000000000000 0.029612180000
32.000000000000 4.000000000000 1.000000000000 0.028305080000
64.000000000000 4.000000000000 1.000000000000 0.035668320000
128.000000000000 4.000000000000 1.000000000000 0.034929740000
256.000000000000 4.000000000000 1.000000000000 0.075796560000
512.000000000000 4.000000000000 1.000000000000 0.060344640000
1.000000000000 8.000000000000 1.000000000000 0.027424580000
2.000000000000 8.000000000000 1.000000000000 0.027800040000
4.000000000000 8.000000000000 1.000000000000 0.023473640000
8.000000000000 8.000000000000 1.000000000000 0.025947760000
16.000000000000 8.000000000000 1.000000000000 0.026972520000
32.000000000000 8.000000000000 1.000000000000 0.026657800000
64.000000000000 8.000000000000 1.000000000000 0.033826440000
128.000000000000 8.000000000000 1.000000000000 0.035651740000
256.000000000000 8.000000000000 1.000000000000 0.064588020000
512.000000000000 8.000000000000 1.000000000000 0.055759080000
1.000000000000 16.000000000000 1.000000000000 0.026853980000
2.000000000000 16.000000000000 1.000000000000 0.036641160000
4.000000000000 16.000000000000 1.000000000000 0.050821040000
8.000000000000 16.000000000000 1.000000000000 0.048390260000
16.000000000000 16.000000000000 1.000000000000 0.053329940000
32.000000000000 16.000000000000 1.000000000000 0.052234980000
64.000000000000 16.000000000000 1.000000000000 0.060458780000
128.000000000000 16.000000000000 1.000000000000 0.065793100000
256.000000000000 16.000000000000 1.000000000000 0.119523240000
512.000000000000 16.000000000000 1.000000000000 0.080546660000
1.000000000000 32.000000000000 1.000000000000 0.032788320000
2.000000000000 32.000000000000 1.000000000000 0.088088600000
4.000000000000 32.000000000000 1.000000000000 0.089956280000
8.000000000000 32.000000000000 1.000000000000 0.084994180000
16.000000000000 32.000000000000 1.000000000000 0.096601720000
32.000000000000 32.000000000000 1.000000000000 0.098772740000
64.000000000000 32.000000000000 1.000000000000 0.138682640000
128.000000000000 32.000000000000 1.000000000000 0.154712800000
256.000000000000 32.000000000000 1.000000000000 0.262338800000
512.000000000000 32.000000000000 1.000000000000 0.328258180000
1.000000000000 64.000000000000 1.000000000000 0.041851220000
2.000000000000 64.000000000000 1.000000000000 0.105308840000
4.000000000000 64.000000000000 1.000000000000 0.103404160000
8.000000000000 64.000000000000 1.000000000000 0.101927360000
16.000000000000 64.000000000000 1.000000000000 0.114897960000
32.000000000000 64.000000000000 1.000000000000 0.119716600000
64.000000000000 64.000000000000 1.000000000000 0.158144400000
128.000000000000 64.000000000000 1.000000000000 0.175780220000
256.000000000000 64.000000000000 1.000000000000 0.293462400000
512.000000000000 64.000000000000 1.000000000000 0.321488460000
1.000000000000 128.000000000000 1.000000000000 0.073889480000
2.000000000000 128.000000000000 1.000000000000 0.191049580000
4.000000000000 128.000000000000 1.000000000000 0.182676820000
8.000000000000 128.000000000000 1.000000000000 0.173357400000
16.000000000000 128.000000000000 1.000000000000 0.181207980000
32.000000000000 128.000000000000 1.000000000000 0.182890140000
64.000000000000 128.000000000000 1.000000000000 0.235842200000
128.000000000000 128.000000000000 1.000000000000 0.240098340000
256.000000000000 128.000000000000 1.000000000000 0.410061300000
512.000000000000 128.000000000000 1.000000000000 0.521919700000
1.000000000000 256.000000000000 1.000000000000 0.084368840000
2.000000000000 256.000000000000 1.000000000000 0.205900860000
4.000000000000 256.000000000000 1.000000000000 0.189715140000
8.000000000000 256.000000000000 1.000000000000 0.177153660000
16.000000000000 256.000000000000 1.000000000000 0.188479620000
32.000000000000 256.000000000000 1.000000000000 0.184709060000
64.000000000000 256.000000000000 1.000000000000 0.223863940000
128.000000000000 256.000000000000 1.000000000000 0.224994500000
256.000000000000 256.000000000000 1.000000000000 0.376088400000
512.000000000000 256.000000000000 1.000000000000 1000000000.000000000000
1.000000000000 512.000000000000 1.000000000000 1000000000.000000000000
2.000000000000 512.000000000000 1.000000000000 1000000000.000000000000
4.000000000000 512.000000000000 1.000000000000 1000000000.000000000000
8.000000000000 512.000000000000 1.000000000000 1000000000.000000000000
16.000000000000 512.000000000000 1.000000000000 1000000000.000000000000
32.000000000000 512.000000000000 1.000000000000 1000000000.000000000000
64.000000000000 512.000000000000 1.000000000000 1000000000.000000000000
128.000000000000 512.000000000000 1.000000000000 1000000000.000000000000
256.000000000000 512.000000000000 1.000000000000 1000000000.000000000000
512.000000000000 512.000000000000 1.000000000000 1000000000.000000000000
1.000000000000 1.000000000000 2.000000000000 0.079782500000
2.000000000000 1.000000000000 2.000000000000 0.048476640000
4.000000000000 1.000000000000 2.000000000000 0.039304540000
8.000000000000 1.000000000000 2.000000000000 0.030917920000
16.000000000000 1.000000000000 2.000000000000 0.029644780000
32.000000000000 1.000000000000 2.000000000000 0.010228800000
64.000000000000 1.000000000000 2.000000000000 0.011293480000
128.000000000000 1.000000000000 2.000000000000 0.010719520000
256.000000000000 1.000000000000 2.000000000000 0.020128860000
512.000000000000 1.000000000000 2.000000000000 0.015272320000
1.000000000000 2.000000000000 2.000000000000 0.045838760000
2.000000000000 2.000000000000 2.000000000000 0.035482040000
4.000000000000 2.000000000000 2.000000000000 0.026930560000
8.000000000000 2.000000000000 2.000000000000 0.021893440000
16.000000000000 2.000000000000 2.000000000000 0.023861000000
32.000000000000 2.000000000000 2.000000000000 0.023232120000
64.000000000000 2.000000000000 2.000000000000 0.030356100000
128.000000000000 2.000000000000 2.000000000000 0.027623020000
256.000000000000 2.000000000000 2.000000000000 0.049056700000
512.000000000000 2.000000000000 2.000000000000 0.034933180000
1.000000000000 4.000000000000 2.000000000000 0.027716420000
2.000000000000 4.000000000000 2.000000000000 0.024244880000
4.000000000000 4.000000000000 2.000000000000 0.019687980000
8.000000000000 4.000000000000 2.000000000000 0.018382600000
16.000000000000 4.000000000000 2.000000000000 0.018726580000
32.000000000000 4.000000000000 2.000000000000 0.015795560000
64.000000000000 4.000000000000 2.000000000000 0.022399920000
128.000000000000 4.000000000000 2.000000000000 0.022259020000
256.000000000000 4.000000000000 2.000000000000 0.043317300000
512.000000000000 4.000000000000 2.000000000000 0.034513360000
1.000000000000 8.000000000000 2.000000000000 0.019739400000
2.000000000000 8.000000000000 2.000000000000 0.018781100000
4.000000000000 8.000000000000 2.000000000000 0.014967320000
8.000000000000 8.000000000000 2.000000000000 0.015975220000
16.000000000000 8.000000000000 2.000000000000 0.015785480000
32.000000000000 8.000000000000 2.000000000000 0.015610780000
64.000000000000 8.000000000000 2.000000000000 0.020479200000
128.000000000000 8.000000000000 2.000000000000 0.021825820000
256.000000000000 8.000000000000 2.000000000000 0.041623680000
512.000000000000 8.000000000000 2.000000000000 0.030403720000
1.000000000000 16.000000000000 2.000000000000 0.019248960000
2.000000000000 16.000000000000 2.000000000000 0.022271980000
4.000000000000 16.000000000000 2.000000000000 0.030411820000
8.000000000000 16.000000000000 2.000000000000 0.028588320000
16.000000000000 16.000000000000 2.000000000000 0.031776380000
32.000000000000 16.000000000000 2.000000000000 0.031006240000
64.000000000000 16.000000000000 2.000000000000 0.036976220000
128.000000000000 16.000000000000 2.000000000000 0.040260180000
256.000000000000 16.000000000000 2.000000000000 0.071700060000
512.000000000000 16.000000000000 2.000000000000 0.061998820000
1.000000000000 32.000000000000 2.000000000000 0.023766880000
2.000000000000 32.000000000000 2.000000000000 0.047119040000
4.000000000000 32.000000000000 2.000000000000 0.047035080000
8.000000000000 32.000000000000 2.000000000000 0.044385960000
16.000000000000 32.000000000000 2.000000000000 0.050243500000
32.000000000000 32.000000000000 2.000000000000 0.052515880000
64.000000000000 32.000000000000 2.000000000000 0.070599400000
128.000000000000 32.000000000000 2.000000000000 0.078550460000
256.000000000000 32.000000000000 2.000000000000 0.139415600000
512.000000000000 32.000000000000 2.000000000000 0.162547080000
1.000000000000 64.000000000000 2.000000000000 0.030489220000
2.000000000000 64.000000000000 2.000000000000 0.106780960000
4.000000000000 64.000000000000 2.000000000000 0.103795300000
8.000000000000 64.000000000000 2.000000000000 0.098903620000
16.000000000000 64.000000000000 2.000000000000 0.112789640000
32.000000000000 64.000000000000 2.000000000000 0.116376640000
64.000000000000 64.000000000000 2.000000000000 0.161787060000
128.000000000000 64.000000000000 2.000000000000 0.173856160000
256.000000000000 64.000000000000 2.000000000000 0.310087100000
512.000000000000 64.000000000000 2.000000000000 0.332002320000
1.000000000000 128.000000000000 2.000000000000 0.047035960000
2.000000000000 128.000000000000 2.000000000000 0.159841240000
4.000000000000 128.000000000000 2.000000000000 0.151018720000
8.000000000000 128.000000000000 2.000000000000 0.144766740000
16.000000000000 128.000000000000 2.000000000000 0.155974140000
32.000000000000 128.000000000000 2.000000000000 0.151481300000
64.000000000000 128.000000000000 2.000000000000 0.190110560000
128.000000000000 128.000000000000 2.000000000000 0.196917400000
256.000000000000 128.000000000000 2.000000000000 0.352667120000
512.000000000000 128.000000000000 2.000000000000 0.544252640000
1.000000000000 256.000000000000 2.000000000000 1000000000.000000000000
2.000000000000 256.000000000000 2.000000000000 0.165989420000
4.000000000000 256.000000000000 2.000000000000 0.157606240000
8.000000000000 256.000000000000 2.000000000000 0.147637140000
16.000000000000 256.000000000000 2.000000000000 0.155473480000
32.000000000000 256.000000000000 2.000000000000 0.151560900000
64.000000000000 256.000000000000 2.000000000000 0.190983700000
128.000000000000 256.000000000000 2.000000000000 0.192272700000
256.000000000000 256.000000000000 2.000000000000 0.336420380000
512.000000000000 256.000000000000 2.000000000000 1000000000.000000000000
1.000000000000 512.000000000000 2.000000000000 1000000000.000000000000
2.000000000000 512.000000000000 2.000000000000 1000000000.000000000000
4.000000000000 512.000000000000 2.000000000000 1000000000.000000000000
8.000000000000 512.000000000000 2.000000000000 1000000000.000000000000
16.000000000000 512.000000000000 2.000000000000 1000000000.000000000000
32.000000000000 512.000000000000 2.000000000000 1000000000.000000000000
64.000000000000 512.000000000000 2.000000000000 1000000000.000000000000
128.000000000000 512.000000000000 2.000000000000 1000000000.000000000000
256.000000000000 512.000000000000 2.000000000000 1000000000.000000000000
512.000000000000 512.000000000000 2.000000000000 1000000000.000000000000
1.000000000000 1.000000000000 4.000000000000 0.080412680000
2.000000000000 1.000000000000 4.000000000000 0.051255900000
4.000000000000 1.000000000000 4.000000000000 0.036131940000
8.000000000000 1.000000000000 4.000000000000 0.027614860000
16.000000000000 1.000000000000 4.000000000000 0.011156520000
32.000000000000 1.000000000000 4.000000000000 0.008611780000
64.000000000000 1.000000000000 4.000000000000 0.010963500000
128.000000000000 1.000000000000 4.000000000000 0.009636520000
256.000000000000 1.000000000000 4.000000000000 0.017269860000
512.000000000000 1.000000000000 4.000000000000 0.012757720000
1.000000000000 2.000000000000 4.000000000000 0.044692420000
2.000000000000 2.000000000000 4.000000000000 0.033092160000
4.000000000000 2.000000000000 4.000000000000 0.023401240000
8.000000000000 2.000000000000 4.000000000000 0.019712600000
16.000000000000 2.000000000000 4.000000000000 0.018514380000
32.000000000000 2.000000000000 4.000000000000 0.018377600000
64.000000000000 2.000000000000 4.000000000000 0.021041580000
128.000000000000 2.000000000000 4.000000000000 0.021603420000
256.000000000000 2.000000000000 4.000000000000 0.038632380000
512.000000000000 2.000000000000 4.000000000000 0.026983880000
1.000000000000 4.000000000000 4.000000000000 0.027190380000
2.000000000000 4.000000000000 4.000000000000 0.021096220000
4.000000000000 4.000000000000 4.000000000000 0.014430440000
8.000000000000 4.000000000000 4.000000000000 0.012883260000
16.000000000000 4.000000000000 4.000000000000 0.012887460000
32.000000000000 4.000000000000 4.000000000000 0.012059740000
64.000000000000 4.000000000000 4.000000000000 0.015857140000
128.000000000000 4.000000000000 4.000000000000 0.015540420000
256.000000000000 4.000000000000 4.000000000000 0.028573560000
512.000000000000 4.000000000000 4.000000000000 0.021658300000
1.000000000000 8.000000000000 4.000000000000 0.018892220000
2.000000000000 8.000000000000 4.000000000000 0.014620900000
4.000000000000 8.000000000000 4.000000000000 0.012096620000
8.000000000000 8.000000000000 4.000000000000 0.010878400000
16.000000000000 8.000000000000 4.000000000000 0.010273680000
32.000000000000 8.000000000000 4.000000000000 0.010049240000
64.000000000000 8.000000000000 4.000000000000 0.013179960000
128.000000000000 8.000000000000 4.000000000000 0.014064820000
256.000000000000 8.000000000000 4.000000000000 0.025787340000
512.000000000000 8.000000000000 4.000000000000 0.019050180000
1.000000000000 16.000000000000 4.000000000000 0.016252180000
2.000000000000 16.000000000000 4.000000000000 0.015840200000
4.000000000000 16.000000000000 4.000000000000 0.018617960000
8.000000000000 16.000000000000 4.000000000000 0.017590620000
16.000000000000 16.000000000000 4.000000000000 0.018708680000
32.000000000000 16.000000000000 4.000000000000 0.018364740000
64.000000000000 16.000000000000 4.000000000000 0.024474800000
128.000000000000 16.000000000000 4.000000000000 0.025813640000
256.000000000000 16.000000000000 4.000000000000 0.045578320000
512.000000000000 16.000000000000 4.000000000000 0.050825760000
1.000000000000 32.000000000000 4.000000000000 0.020564900000
2.000000000000 32.000000000000 4.000000000000 0.029108220000
4.000000000000 32.000000000000 4.000000000000 0.024979140000
8.000000000000 32.000000000000 4.000000000000 0.023777680000
16.000000000000 32.000000000000 4.000000000000 0.026848040000
32.000000000000 32.000000000000 4.000000000000 0.026633840000
64.000000000000 32.000000000000 4.000000000000 0.036357440000
128.000000000000 32.000000000000 4.000000000000 0.039326860000
256.000000000000 32.000000000000 4.000000000000 0.072290040000
512.000000000000 32.000000000000 4.000000000000 0.082193400000
1.000000000000 64.000000000000 4.000000000000 0.028295620000
2.000000000000 64.000000000000 4.000000000000 0.093780300000
4.000000000000 64.000000000000 4.000000000000 0.092474360000
8.000000000000 64.000000000000 4.000000000000 0.090759080000
16.000000000000 64.000000000000 4.000000000000 0.099349380000
32.000000000000 64.000000000000 4.000000000000 0.102809260000
64.000000000000 64.000000000000 4.000000000000 0.138031600000
128.000000000000 64.000000000000 4.000000000000 0.145717520000
256.000000000000 64.000000000000 4.000000000000 0.271890500000
512.000000000000 64.000000000000 4.000000000000 0.421992040000
1.000000000000 128.000000000000 4.000000000000 0.047884000000
2.000000000000 128.000000000000 4.000000000000 0.150229000000
4.000000000000 128.000000000000 4.000000000000 0.136887440000
8.000000000000 128.000000000000 4.000000000000 0.127432800000
16.000000000000 128.000000000000 4.000000000000 0.141511720000
32.000000000000 128.000000000000 4.000000000000 0.136185520000
64.000000000000 128.000000000000 4.000000000000 0.175203940000
128.000000000000 128.000000000000 4.000000000000 0.176364260000
256.000000000000 128.000000000000 4.000000000000 0.331196840000
512.000000000000 128.000000000000 4.000000000000 1000000000.000000000000
1.000000000000 256.000000000000 4.000000000000 1000000000.000000000000
2.000000000000 256.000000000000 4.000000000000 1000000000.000000000000
4.000000000000 256.000000000000 4.000000000000 1000000000.000000000000
8.000000000000 256.000000000000 4.000000000000 1000000000.000000000000
16.000000000000 256.000000000000 4.000000000000 1000000000.000000000000
32.000000000000 256.000000000000 4.000000000000 1000000000.000000000000
64.000000000000 256.000000000000 4.000000000000 1000000000.000000000000
128.000000000000 256.000000000000 4.000000000000 1000000000.000000000000
256.000000000000 256.000000000000 4.000000000000 1000000000.000000000000
512.000000000000 256.000000000000 4.000000000000 1000000000.000000000000
1.000000000000 512.000000000000 4.000000000000 1000000000.000000000000
2.000000000000 512.000000000000 4.000000000000 1000000000.000000000000
4.000000000000 512.000000000000 4.000000000000 1000000000.000000000000
8.000000000000 512.000000000000 4.000000000000 1000000000.000000000000
16.000000000000 512.000000000000 4.000000000000 1000000000.000000000000
32.000000000000 512.000000000000 4.000000000000 1000000000.000000000000
64.000000000000 512.000000000000 4.000000000000 1000000000.000000000000
128.000000000000 512.000000000000 4.000000000000 1000000000.000000000000
256.000000000000 512.000000000000 4.000000000000 1000000000.000000000000
512.000000000000 512.000000000000 4.000000000000 1000000000.000000000000
1.000000000000 1.000000000000 8.000000000000 0.077150440000
2.000000000000 1.000000000000 8.000000000000 0.048448240000
4.000000000000 1.000000000000 8.000000000000 0.034617440000
8.000000000000 1.000000000000 8.000000000000 0.014410240000
16.000000000000 1.000000000000 8.000000000000 0.009568580000
32.000000000000 1.000000000000 8.000000000000 0.009376660000
64.000000000000 1.000000000000 8.000000000000 0.010583780000
128.000000000000 1.000000000000 8.000000000000 0.008929180000
256.000000000000 1.000000000000 8.000000000000 0.017166020000
512.000000000000 1.000000000000 8.000000000000 0.011825000000
1.000000000000 2.000000000000 8.000000000000 0.043350860000
2.000000000000 2.000000000000 8.000000000000 0.033085560000
4.000000000000 2.000000000000 8.000000000000 0.019901260000
8.000000000000 2.000000000000 8.000000000000 0.016781860000
16.000000000000 2.000000000000 8.000000000000 0.015169840000
32.000000000000 2.000000000000 8.000000000000 0.014322860000
64.000000000000 2.000000000000 8.000000000000 0.019004280000
128.000000000000 2.000000000000 8.000000000000 0.018991100000
256.000000000000 2.000000000000 8.000000000000 0.035729960000
512.000000000000 2.000000000000 8.000000000000 0.027184940000
1.000000000000 4.000000000000 8.000000000000 0.026267820000
2.000000000000 4.000000000000 8.000000000000 0.017879880000
4.000000000000 4.000000000000 8.000000000000 0.013776040000
8.000000000000 4.000000000000 8.000000000000 0.010358400000
16.000000000000 4.000000000000 8.000000000000 0.010092880000
32.000000000000 4.000000000000 8.000000000000 0.008897800000
64.000000000000 4.000000000000 8.000000000000 0.011976260000
128.000000000000 4.000000000000 8.000000000000 0.011847220000
256.000000000000 4.000000000000 8.000000000000 0.024566280000
512.000000000000 4.000000000000 8.000000000000 0.016562820000
1.000000000000 8.000000000000 8.000000000000 0.017943700000
2.000000000000 8.000000000000 8.000000000000 0.012901220000
4.000000000000 8.000000000000 8.000000000000 0.010320860000
8.000000000000 8.000000000000 8.000000000000 0.007941880000
16.000000000000 8.000000000000 8.000000000000 0.007499540000
32.000000000000 8.000000000000 8.000000000000 0.007737360000
64.000000000000 8.000000000000 8.000000000000 0.009385180000
128.000000000000 8.000000000000 8.000000000000 0.009370920000
256.000000000000 8.000000000000 8.000000000000 0.017741480000
512.000000000000 8.000000000000 8.000000000000 0.014647780000
1.000000000000 16.000000000000 8.000000000000 0.015495460000
2.000000000000 16.000000000000 8.000000000000 0.013357440000
4.000000000000 16.000000000000 8.000000000000 0.010965740000
8.000000000000 16.000000000000 8.000000000000 0.010523840000
16.000000000000 16.000000000000 8.000000000000 0.010962520000
32.000000000000 16.000000000000 8.000000000000 0.010858680000
64.000000000000 16.000000000000 8.000000000000 0.014614000000
128.000000000000 16.000000000000 8.000000000000 0.014822420000
256.000000000000 16.000000000000 8.000000000000 0.027906560000
512.000000000000 16.000000000000 8.000000000000 0.032359540000
1.000000000000 32.000000000000 8.000000000000 0.018463940000
2.000000000000 32.000000000000 8.000000000000 0.019932460000
4.000000000000 32.000000000000 8.000000000000 0.016132060000
8.000000000000 32.000000000000 8.000000000000 0.014380760000
16.000000000000 32.000000000000 8.000000000000 0.015042220000
32.000000000000 32.000000000000 8.000000000000 0.015785460000
64.000000000000 32.000000000000 8.000000000000 0.021190740000
128.000000000000 32.000000000000 8.000000000000 0.020933880000
256.000000000000 32.000000000000 8.000000000000 0.038800180000
512.000000000000 32.000000000000 8.000000000000 0.042423020000
1.000000000000 64.000000000000 8.000000000000 0.025791420000
2.000000000000 64.000000000000 8.000000000000 0.087111220000
4.000000000000 64.000000000000 8.000000000000 0.085670060000
8.000000000000 64.000000000000 8.000000000000 0.082343980000
16.000000000000 64.000000000000 8.000000000000 0.091213020000
32.000000000000 64.000000000000 8.000000000000 0.091069480000
64.000000000000 64.000000000000 8.000000000000 0.123863080000
128.000000000000 64.000000000000 8.000000000000 0.131021740000
256.000000000000 64.000000000000 8.000000000000 0.247231300000
512.000000000000 64.000000000000 8.000000000000 0.447555460000
1.000000000000 128.000000000000 8.000000000000 0.045848940000
2.000000000000 128.000000000000 8.000000000000 0.145198040000
4.000000000000 128.000000000000 8.000000000000 0.130529580000
8.000000000000 128.000000000000 8.000000000000 0.122937060000
16.000000000000 128.000000000000 8.000000000000 0.134632320000
32.000000000000 128.000000000000 8.000000000000 0.128717760000
64.000000000000 128.000000000000 8.000000000000 0.167651980000
128.000000000000 128.000000000000 8.000000000000 0.172640580000
256.000000000000 128.000000000000 8.000000000000 0.320601820000
512.000000000000 128.000000000000 8.000000000000 1000000000.000000000000
1.000000000000 256.000000000000 8.000000000000 1000000000.000000000000
2.000000000000 256.000000000000 8.000000000000 1000000000.000000000000
4.000000000000 256.000000000000 8.000000000000 1000000000.000000000000
8.000000000000 256.000000000000 8.000000000000 1000000000.000000000000
16.000000000000 256.000000000000 8.000000000000 1000000000.000000000000
32.000000000000 256.000000000000 8.000000000000 1000000000.000000000000
64.000000000000 256.000000000000 8.000000000000 1000000000.000000000000
128.000000000000 256.000000000000 8.000000000000 1000000000.000000000000
256.000000000000 256.000000000000 8.000000000000 1000000000.000000000000
512.000000000000 256.000000000000 8.000000000000 1000000000.000000000000
1.000000000000 512.000000000000 8.000000000000 1000000000.000000000000
2.000000000000 512.000000000000 8.000000000000 1000000000.000000000000
4.000000000000 512.000000000000 8.000000000000 1000000000.000000000000
8.000000000000 512.000000000000 8.000000000000 1000000000.000000000000
16.000000000000 512.000000000000 8.000000000000 1000000000.000000000000
32.000000000000 512.000000000000 8.000000000000 1000000000.000000000000
64.000000000000 512.000000000000 8.000000000000 1000000000.000000000000
128.000000000000 512.000000000000 8.000000000000 1000000000.000000000000
256.000000000000 512.000000000000 8.000000000000 1000000000.000000000000
512.000000000000 512.000000000000 8.000000000000 1000000000.000000000000
1.000000000000 1.000000000000 16.000000000000 0.077415580000
2.000000000000 1.000000000000 16.000000000000 0.049537880000
4.000000000000 1.000000000000 16.000000000000 0.032034540000
8.000000000000 1.000000000000 16.000000000000 0.028781280000
16.000000000000 1.000000000000 16.000000000000 0.026509780000
32.000000000000 1.000000000000 16.000000000000 0.024410440000
64.000000000000 1.000000000000 16.000000000000 0.031670780000
128.000000000000 1.000000000000 16.000000000000 0.033093220000
256.000000000000 1.000000000000 16.000000000000 0.059588500000
512.000000000000 1.000000000000 16.000000000000 0.015949640000
1.000000000000 2.000000000000 16.000000000000 0.044001180000
2.000000000000 2.000000000000 16.000000000000 0.027820380000
4.000000000000 2.000000000000 16.000000000000 0.022246560000
8.000000000000 2.000000000000 16.000000000000 0.016612560000
16.000000000000 2.000000000000 16.000000000000 0.015565440000
32.000000000000 2.000000000000 16.000000000000 0.014604500000
64.000000000000 2.000000000000 16.000000000000 0.020456320000
128.000000000000 2.000000000000 16.000000000000 0.018065780000
256.000000000000 2.000000000000 16.000000000000 0.038174260000
512.000000000000 2.000000000000 16.000000000000 0.034304180000
1.000000000000 4.000000000000 16.000000000000 0.025770880000
2.000000000000 4.000000000000 16.000000000000 0.016141600000
4.000000000000 4.000000000000 16.000000000000 0.012970120000
8.000000000000 4.000000000000 16.000000000000 0.009963380000
16.000000000000 4.000000000000 16.000000000000 0.009814720000
32.000000000000 4.000000000000 16.000000000000 0.008827260000
64.000000000000 4.000000000000 16.000000000000 0.010958600000
128.000000000000 4.000000000000 16.000000000000 0.011590160000
256.000000000000 4.000000000000 16.000000000000 0.021610860000
512.000000000000 4.000000000000 16.000000000000 0.019983760000
1.000000000000 8.000000000000 16.000000000000 0.017468860000
2.000000000000 8.000000000000 16.000000000000 0.012472600000
4.000000000000 8.000000000000 16.000000000000 0.009504820000
8.000000000000 8.000000000000 16.000000000000 0.008015340000
16.000000000000 8.000000000000 16.000000000000 0.008191580000
32.000000000000 8.000000000000 16.000000000000 0.007647000000
64.000000000000 8.000000000000 16.000000000000 0.009591720000
128.000000000000 8.000000000000 16.000000000000 0.009611380000
256.000000000000 8.000000000000 16.000000000000 0.018061840000
512.000000000000 8.000000000000 16.000000000000 0.016794460000
1.000000000000 16.000000000000 16.000000000000 0.015121260000
2.000000000000 16.000000000000 16.000000000000 0.011662520000
4.000000000000 16.000000000000 16.000000000000 0.009278160000
8.000000000000 16.000000000000 16.000000000000 0.008043900000
16.000000000000 16.000000000000 16.000000000000 0.008344280000
32.000000000000 16.000000000000 16.000000000000 0.007718220000
64.000000000000 16.000000000000 16.000000000000 0.010233360000
128.000000000000 16.000000000000 16.000000000000 0.010079660000
256.000000000000 16.000000000000 16.000000000000 0.019126220000
512.000000000000 16.000000000000 16.000000000000 0.020965880000
1.000000000000 32.000000000000 16.000000000000 0.016952460000
2.000000000000 32.000000000000 16.000000000000 0.015873500000
4.000000000000 32.000000000000 16.000000000000 0.011775280000
8.000000000000 32.000000000000 16.000000000000 0.009979000000
16.000000000000 32.000000000000 16.000000000000 0.009879600000
32.000000000000 32.000000000000 16.000000000000 0.009348920000
64.000000000000 32.000000000000 16.000000000000 0.011746600000
128.000000000000 32.000000000000 16.000000000000 0.012921080000
256.000000000000 32.000000000000 16.000000000000 0.024650960000
512.000000000000 32.000000000000 16.000000000000 0.022122200000
1.000000000000 64.000000000000 16.000000000000 0.024583300000
2.000000000000 64.000000000000 16.000000000000 0.088398260000
4.000000000000 64.000000000000 16.000000000000 0.083091220000
8.000000000000 64.000000000000 16.000000000000 0.080330260000
16.000000000000 64.000000000000 16.000000000000 0.088794200000
32.000000000000 64.000000000000 16.000000000000 0.087937940000
64.000000000000 64.000000000000 16.000000000000 0.117431180000
128.000000000000 64.000000000000 16.000000000000 0.120557800000
256.000000000000 64.000000000000 16.000000000000 0.230653720000
512.000000000000 64.000000000000 16.000000000000 1000000000.000000000000
1.000000000000 128.000000000000 16.000000000000 1000000000.000000000000
2.000000000000 128.000000000000 16.000000000000 1000000000.000000000000
4.000000000000 128.000000000000 16.000000000000 1000000000.000000000000
8.000000000000 128.000000000000 16.000000000000 1000000000.000000000000
16.000000000000 128.000000000000 16.000000000000 1000000000.000000000000
32.000000000000 128.000000000000 16.000000000000 1000000000.000000000000
64.000000000000 128.000000000000 16.000000000000 1000000000.000000000000
128.000000000000 128.000000000000 16.000000000000 1000000000.000000000000
256.000000000000 128.000000000000 16.000000000000 1000000000.000000000000
512.000000000000 128.000000000000 16.000000000000 1000000000.000000000000
1.000000000000 256.000000000000 16.000000000000 1000000000.000000000000
2.000000000000 256.000000000000 16.000000000000 1000000000.000000000000
4.000000000000 256.000000000000 16.000000000000 1000000000.000000000000
8.000000000000 256.000000000000 16.000000000000 1000000000.000000000000
16.000000000000 256.000000000000 16.000000000000 1000000000.000000000000
32.000000000000 256.000000000000 16.000000000000 1000000000.000000000000
64.000000000000 256.000000000000 16.000000000000 1000000000.000000000000
128.000000000000 256.000000000000 16.000000000000 1000000000.000000000000
256.000000000000 256.000000000000 16.000000000000 1000000000.000000000000
512.000000000000 256.000000000000 16.000000000000 1000000000.000000000000
1.000000000000 512.000000000000 16.000000000000 1000000000.000000000000
2.000000000000 512.000000000000 16.000000000000 1000000000.000000000000
4.000000000000 512.000000000000 16.000000000000 1000000000.000000000000
8.000000000000 512.000000000000 16.000000000000 1000000000.000000000000
16.000000000000 512.000000000000 16.000000000000 1000000000.000000000000
32.000000000000 512.000000000000 16.000000000000 1000000000.000000000000
64.000000000000 512.000000000000 16.000000000000 1000000000.000000000000
128.000000000000 512.000000000000 16.000000000000 1000000000.000000000000
256.000000000000 512.000000000000 16.000000000000 1000000000.000000000000
512.000000000000 512.000000000000 16.000000000000 1000000000.000000000000
1.000000000000 1.000000000000 32.000000000000 0.079200040000
2.000000000000 1.000000000000 32.000000000000 0.050699820000
4.000000000000 1.000000000000 32.000000000000 0.044660420000
8.000000000000 1.000000000000 32.000000000000 0.039464340000
16.000000000000 1.000000000000 32.000000000000 0.038500820000
32.000000000000 1.000000000000 32.000000000000 0.035177060000
64.000000000000 1.000000000000 32.000000000000 0.042616000000
128.000000000000 1.000000000000 32.000000000000 0.042311800000
256.000000000000 1.000000000000 32.000000000000 0.079814420000
512.000000000000 1.000000000000 32.000000000000 0.021395600000
1.000000000000 2.000000000000 32.000000000000 0.042904120000
2.000000000000 2.000000000000 32.000000000000 0.030465280000
4.000000000000 2.000000000000 32.000000000000 0.026841100000
8.000000000000 2.000000000000 32.000000000000 0.021740640000
16.000000000000 2.000000000000 32.000000000000 0.020734700000
32.000000000000 2.000000000000 32.000000000000 0.019456640000
64.000000000000 2.000000000000 32.000000000000 0.023924960000
128.000000000000 2.000000000000 32.000000000000 0.023973640000
256.000000000000 2.000000000000 32.000000000000 0.045673220000
512.000000000000 2.000000000000 32.000000000000 0.047593340000
1.000000000000 4.000000000000 32.000000000000 0.025264820000
2.000000000000 4.000000000000 32.000000000000 0.017878160000
4.000000000000 4.000000000000 32.000000000000 0.014454600000
8.000000000000 4.000000000000 32.000000000000 0.012089340000
16.000000000000 4.000000000000 32.000000000000 0.012516740000
32.000000000000 4.000000000000 32.000000000000 0.010610520000
64.000000000000 4.000000000000 32.000000000000 0.013341960000
128.000000000000 4.000000000000 32.000000000000 0.013535420000
256.000000000000 4.000000000000 32.000000000000 0.025502240000
512.000000000000 4.000000000000 32.000000000000 0.027372440000
1.000000000000 8.000000000000 32.000000000000 0.017922900000
2.000000000000 8.000000000000 32.000000000000 0.012573620000
4.000000000000 8.000000000000 32.000000000000 0.009383800000
8.000000000000 8.000000000000 32.000000000000 0.008278860000
16.000000000000 8.000000000000 32.000000000000 0.007609400000
32.000000000000 8.000000000000 32.000000000000 0.007329660000
64.000000000000 8.000000000000 32.000000000000 0.009256120000
128.000000000000 8.000000000000 32.000000000000 0.009215020000
256.000000000000 8.000000000000 32.000000000000 0.017116620000
512.000000000000 8.000000000000 32.000000000000 0.018038980000
1.000000000000 16.000000000000 32.000000000000 0.014913660000
2.000000000000 16.000000000000 32.000000000000 0.010756140000
4.000000000000 16.000000000000 32.000000000000 0.008166660000
8.000000000000 16.000000000000 32.000000000000 0.006758760000
16.000000000000 16.000000000000 32.000000000000 0.006579420000
32.000000000000 16.000000000000 32.000000000000 0.006061020000
64.000000000000 16.000000000000 32.000000000000 0.008442080000
128.000000000000 16.000000000000 32.000000000000 0.007897020000
256.000000000000 16.000000000000 32.000000000000 0.015451580000
512.000000000000 16.000000000000 32.000000000000 0.014541220000
1.000000000000 32.000000000000 32.000000000000 0.016482840000
2.000000000000 32.000000000000 32.000000000000 0.013991240000
4.000000000000 32.000000000000 32.000000000000 0.010057740000
8.000000000000 32.000000000000 32.000000000000 0.007824780000
16.000000000000 32.000000000000 32.000000000000 0.007665020000
32.000000000000 32.000000000000 32.000000000000 0.007402380000
64.000000000000 32.000000000000 32.000000000000 0.010017060000
128.000000000000 32.000000000000 32.000000000000 0.009589400000
256.000000000000 32.000000000000 32.000000000000 0.017923380000
512.000000000000 32.000000000000 32.000000000000 0.015242240000
1.000000000000 64.000000000000 32.000000000000 1000000000.000000000000
2.000000000000 64.000000000000 32.000000000000 1000000000.000000000000
4.000000000000 64.000000000000 32.000000000000 1000000000.000000000000
8.000000000000 64.000000000000 32.000000000000 1000000000.000000000000
16.000000000000 64.000000000000 32.000000000000 1000000000.000000000000
32.000000000000 64.000000000000 32.000000000000 1000000000.000000000000
64.000000000000 64.000000000000 32.000000000000 1000000000.000000000000
128.000000000000 64.000000000000 32.000000000000 1000000000.000000000000
256.000000000000 64.000000000000 32.000000000000 1000000000.000000000000
512.000000000000 64.000000000000 32.000000000000 1000000000.000000000000
1.000000000000 128.000000000000 32.000000000000 1000000000.000000000000
2.000000000000 128.000000000000 32.000000000000 1000000000.000000000000
4.000000000000 128.000000000000 32.000000000000 1000000000.000000000000
8.000000000000 128.000000000000 32.000000000000 1000000000.000000000000
16.000000000000 128.000000000000 32.000000000000 1000000000.000000000000
32.000000000000 128.000000000000 32.000000000000 1000000000.000000000000
64.000000000000 128.000000000000 32.000000000000 1000000000.000000000000
128.000000000000 128.000000000000 32.000000000000 1000000000.000000000000
256.000000000000 128.000000000000 32.000000000000 1000000000.000000000000
512.000000000000 128.000000000000 32.000000000000 1000000000.000000000000
1.000000000000 256.000000000000 32.000000000000 1000000000.000000000000
2.000000000000 256.000000000000 32.000000000000 1000000000.000000000000
4.000000000000 256.000000000000 32.000000000000 1000000000.000000000000
8.000000000000 256.000000000000 32.000000000000 1000000000.000000000000
16.000000000000 256.000000000000 32.000000000000 1000000000.000000000000
32.000000000000 256.000000000000 32.000000000000 1000000000.000000000000
64.000000000000 256.000000000000 32.000000000000 1000000000.000000000000
128.000000000000 256.000000000000 32.000000000000 1000000000.000000000000
256.000000000000 256.000000000000 32.000000000000 1000000000.000000000000
512.000000000000 256.000000000000 32.000000000000 1000000000.000000000000
1.000000000000 512.000000000000 32.000000000000 1000000000.000000000000
2.000000000000 512.000000000000 32.000000000000 1000000000.000000000000
4.000000000000 512.000000000000 32.000000000000 1000000000.000000000000
8.000000000000 512.000000000000 32.000000000000 1000000000.000000000000
16.000000000000 512.000000000000 32.000000000000 1000000000.000000000000
32.000000000000 512.000000000000 32.000000000000 1000000000.000000000000
64.000000000000 512.000000000000 32.000000000000 1000000000.000000000000
128.000000000000 512.000000000000 32.000000000000 1000000000.000000000000
256.000000000000 512.000000000000 32.000000000000 1000000000.000000000000
512.000000000000 512.000000000000 32.000000000000 1000000000.000000000000
1.000000000000 1.000000000000 64.000000000000 0.078693320000
2.000000000000 1.000000000000 64.000000000000 0.058763560000
4.000000000000 1.000000000000 64.000000000000 0.044625920000
8.000000000000 1.000000000000 64.000000000000 0.039025180000
16.000000000000 1.000000000000 64.000000000000 0.037429540000
32.000000000000 1.000000000000 64.000000000000 0.035637040000
64.000000000000 1.000000000000 64.000000000000 0.046059800000
128.000000000000 1.000000000000 64.000000000000 0.043485920000
256.000000000000 1.000000000000 64.000000000000 0.089821180000
512.000000000000 1.000000000000 64.000000000000 0.029359740000
1.000000000000 2.000000000000 64.000000000000 0.044155880000
2.000000000000 2.000000000000 64.000000000000 0.032573280000
4.000000000000 2.000000000000 64.000000000000 0.025799920000
8.000000000000 2.000000000000 64.000000000000 0.021869340000
16.000000000000 2.000000000000 64.000000000000 0.020982880000
32.000000000000 2.000000000000 64.000000000000 0.020946800000
64.000000000000 2.000000000000 64.000000000000 0.026850040000
128.000000000000 2.000000000000 64.000000000000 0.025301680000
256.000000000000 2.000000000000 64.000000000000 0.050971280000
512.000000000000 2.000000000000 64.000000000000 0.056495800000
1.000000000000 4.000000000000 64.000000000000 0.025329780000
2.000000000000 4.000000000000 64.000000000000 0.019250340000
4.000000000000 4.000000000000 64.000000000000 0.015198940000
8.000000000000 4.000000000000 64.000000000000 0.012099520000
16.000000000000 4.000000000000 64.000000000000 0.012841000000
32.000000000000 4.000000000000 64.000000000000 0.011484940000
64.000000000000 4.000000000000 64.000000000000 0.015638380000
128.000000000000 4.000000000000 64.000000000000 0.015633880000
256.000000000000 4.000000000000 64.000000000000 0.028246800000
512.000000000000 4.000000000000 64.000000000000 0.031343920000
1.000000000000 8.000000000000 64.000000000000 0.018239600000
2.000000000000 8.000000000000 64.000000000000 0.013354460000
4.000000000000 8.000000000000 64.000000000000 0.010605960000
8.000000000000 8.000000000000 64.000000000000 0.008918840000
16.000000000000 8.000000000000 64.000000000000 0.008883480000
32.000000000000 8.000000000000 64.000000000000 0.008311000000
64.000000000000 8.000000000000 64.000000000000 0.011392360000
128.000000000000 8.000000000000 64.000000000000 0.010754500000
256.000000000000 8.000000000000 64.000000000000 0.021715360000
512.000000000000 8.000000000000 64.000000000000 0.021834320000
1.000000000000 16.000000000000 64.000000000000 0.014538700000
2.000000000000 16.000000000000 64.000000000000 0.010951720000
4.000000000000 16.000000000000 64.000000000000 0.008947940000
8.000000000000 16.000000000000 64.000000000000 0.007335000000
16.000000000000 16.000000000000 64.000000000000 0.007190200000
32.000000000000 16.000000000000 64.000000000000 0.006899080000
64.000000000000 16.000000000000 64.000000000000 0.009543220000
128.000000000000 16.000000000000 64.000000000000 0.009191640000
256.000000000000 16.000000000000 64.000000000000 0.017500280000
512.000000000000 16.000000000000 64.000000000000 0.018387080000
1.000000000000 32.000000000000 64.000000000000 1000000000.000000000000
2.000000000000 32.000000000000 64.000000000000 1000000000.000000000000
4.000000000000 32.000000000000 64.000000000000 1000000000.000000000000
8.000000000000 32.000000000000 64.000000000000 1000000000.000000000000
16.000000000000 32.000000000000 64.000000000000 1000000000.000000000000
32.000000000000 32.000000000000 64.000000000000 1000000000.000000000000
64.000000000000 32.000000000000 64.000000000000 1000000000.000000000000
128.000000000000 32.000000000000 64.000000000000 1000000000.000000000000
256.000000000000 32.000000000000 64.000000000000 1000000000.000000000000
512.000000000000 32.000000000000 64.000000000000 1000000000.000000000000
1.000000000000 64.000000000000 64.000000000000 1000000000.000000000000
2.000000000000 64.000000000000 64.000000000000 1000000000.000000000000
4.000000000000 64.000000000000 64.000000000000 1000000000.000000000000
8.000000000000 64.000000000000 64.000000000000 1000000000.000000000000
16.000000000000 64.000000000000 64.000000000000 1000000000.000000000000
32.000000000000 64.000000000000 64.000000000000 1000000000.000000000000
64.000000000000 64.000000000000 64.000000000000 1000000000.000000000000
128.000000000000 64.000000000000 64.000000000000 1000000000.000000000000
256.000000000000 64.000000000000 64.000000000000 1000000000.000000000000
512.000000000000 64.000000000000 64.000000000000 1000000000.000000000000
1.000000000000 128.000000000000 64.000000000000 1000000000.000000000000
2.000000000000 128.000000000000 64.000000000000 1000000000.000000000000
4.000000000000 128.000000000000 64.000000000000 1000000000.000000000000
8.000000000000 128.000000000000 64.000000000000 1000000000.000000000000
16.000000000000 128.000000000000 64.000000000000 1000000000.000000000000
32.000000000000 128.000000000000 64.000000000000 1000000000.000000000000
64.000000000000 128.000000000000 64.000000000000 1000000000.000000000000
128.000000000000 128.000000000000 64.000000000000 1000000000.000000000000
256.000000000000 128.000000000000 64.000000000000 1000000000.000000000000
512.000000000000 128.000000000000 64.000000000000 1000000000.000000000000
1.000000000000 256.000000000000 64.000000000000 1000000000.000000000000
2.000000000000 256.000000000000 64.000000000000 1000000000.000000000000
4.000000000000 256.000000000000 64.000000000000 1000000000.000000000000
8.000000000000 256.000000000000 64.000000000000 1000000000.000000000000
16.000000000000 256.000000000000 64.000000000000 1000000000.000000000000
32.000000000000 256.000000000000 64.000000000000 1000000000.000000000000
64.000000000000 256.000000000000 64.000000000000 1000000000.000000000000
128.000000000000 256.000000000000 64.000000000000 1000000000.000000000000
256.000000000000 256.000000000000 64.000000000000 1000000000.000000000000
512.000000000000 256.000000000000 64.000000000000 1000000000.000000000000
1.000000000000 512.000000000000 64.000000000000 1000000000.000000000000
2.000000000000 512.000000000000 64.000000000000 1000000000.000000000000
4.000000000000 512.000000000000 64.000000000000 1000000000.000000000000
8.000000000000 512.000000000000 64.000000000000 1000000000.000000000000
16.000000000000 512.000000000000 64.000000000000 1000000000.000000000000
32.000000000000 512.000000000000 64.000000000000 1000000000.000000000000
64.000000000000 512.000000000000 64.000000000000 1000000000.000000000000
128.000000000000 512.000000000000 64.000000000000 1000000000.000000000000
256.000000000000 512.000000000000 64.000000000000 1000000000.000000000000
512.000000000000 512.000000000000 64.000000000000 1000000000.000000000000
1.000000000000 1.000000000000 128.000000000000 0.079232500000
2.000000000000 1.000000000000 128.000000000000 0.082097700000
4.000000000000 1.000000000000 128.000000000000 0.076658120000
8.000000000000 1.000000000000 128.000000000000 0.072943760000
16.000000000000 1.000000000000 128.000000000000 0.073873760000
32.000000000000 1.000000000000 128.000000000000 0.073809660000
64.000000000000 1.000000000000 128.000000000000 0.087643540000
128.000000000000 1.000000000000 128.000000000000 0.085859600000
256.000000000000 1.000000000000 128.000000000000 0.145435620000
512.000000000000 1.000000000000 128.000000000000 0.050067400000
1.000000000000 2.000000000000 128.000000000000 0.044782060000
2.000000000000 2.000000000000 128.000000000000 0.042284540000
4.000000000000 2.000000000000 128.000000000000 0.039247700000
8.000000000000 2.000000000000 128.000000000000 0.036982940000
16.000000000000 2.000000000000 128.000000000000 0.041043680000
32.000000000000 2.000000000000 128.000000000000 0.040529420000
64.000000000000 2.000000000000 128.000000000000 0.049267380000
128.000000000000 2.000000000000 128.000000000000 0.047369780000
256.000000000000 2.000000000000 128.000000000000 0.078884160000
512.000000000000 2.000000000000 128.000000000000 0.106364860000
1.000000000000 4.000000000000 128.000000000000 0.026511080000
2.000000000000 4.000000000000 128.000000000000 0.023642720000
4.000000000000 4.000000000000 128.000000000000 0.020847040000
8.000000000000 4.000000000000 128.000000000000 0.020174740000
16.000000000000 4.000000000000 128.000000000000 0.020306580000
32.000000000000 4.000000000000 128.000000000000 0.020395080000
64.000000000000 4.000000000000 128.000000000000 0.025746260000
128.000000000000 4.000000000000 128.000000000000 0.025040740000
256.000000000000 4.000000000000 128.000000000000 0.040072380000
512.000000000000 4.000000000000 128.000000000000 0.051540720000
1.000000000000 8.000000000000 128.000000000000 0.017731140000
2.000000000000 8.000000000000 128.000000000000 0.014747000000
4.000000000000 8.000000000000 128.000000000000 0.013411520000
8.000000000000 8.000000000000 128.000000000000 0.012265980000
16.000000000000 8.000000000000 128.000000000000 0.012617380000
32.000000000000 8.000000000000 128.000000000000 0.012324400000
64.000000000000 8.000000000000 128.000000000000 0.015388680000
128.000000000000 8.000000000000 128.000000000000 0.016179180000
256.000000000000 8.000000000000 128.000000000000 0.026230160000
512.000000000000 8.000000000000 128.000000000000 0.030758820000
1.000000000000 16.000000000000 128.000000000000 1000000000.000000000000
2.000000000000 16.000000000000 128.000000000000 1000000000.000000000000
4.000000000000 16.000000000000 128.000000000000 1000000000.000000000000
8.000000000000 16.000000000000 128.000000000000 1000000000.000000000000
16.000000000000 16.000000000000 128.000000000000 1000000000.000000000000
32.000000000000 16.000000000000 128.000000000000 1000000000.000000000000
64.000000000000 16.000000000000 128.000000000000 1000000000.000000000000
128.000000000000 16.000000000000 128.000000000000 1000000000.000000000000
256.000000000000 16.000000000000 128.000000000000 1000000000.000000000000
512.000000000000 16.000000000000 128.000000000000 1000000000.000000000000
1.000000000000 32.000000000000 128.000000000000 1000000000.000000000000
2.000000000000 32.000000000000 128.000000000000 1000000000.000000000000
4.000000000000 32.000000000000 128.000000000000 1000000000.000000000000
8.000000000000 32.000000000000 128.000000000000 1000000000.000000000000
16.000000000000 32.000000000000 128.000000000000 1000000000.000000000000
32.000000000000 32.000000000000 128.000000000000 1000000000.000000000000
64.000000000000 32.000000000000 128.000000000000 1000000000.000000000000
128.000000000000 32.000000000000 128.000000000000 1000000000.000000000000
256.000000000000 32.000000000000 128.000000000000 1000000000.000000000000
512.000000000000 32.000000000000 128.000000000000 1000000000.000000000000
1.000000000000 64.000000000000 128.000000000000 1000000000.000000000000
2.000000000000 64.000000000000 128.000000000000 1000000000.000000000000
4.000000000000 64.000000000000 128.000000000000 1000000000.000000000000
8.000000000000 64.000000000000 128.000000000000 1000000000.000000000000
16.000000000000 64.000000000000 128.000000000000 1000000000.000000000000
32.000000000000 64.000000000000 128.000000000000 1000000000.000000000000
64.000000000000 64.000000000000 128.000000000000 1000000000.000000000000
128.000000000000 64.000000000000 128.000000000000 1000000000.000000000000
256.000000000000 64.000000000000 128.000000000000 1000000000.000000000000
512.000000000000 64.000000000000 128.000000000000 1000000000.000000000000
1.000000000000 128.000000000000 128.000000000000 1000000000.000000000000
2.000000000000 128.000000000000 128.000000000000 1000000000.000000000000
4.000000000000 128.000000000000 128.000000000000 1000000000.000000000000
8.000000000000 128.000000000000 128.000000000000 1000000000.000000000000
16.000000000000 128.000000000000 128.000000000000 1000000000.000000000000
32.000000000000 128.000000000000 128.000000000000 1000000000.000000000000
64.000000000000 128.000000000000 128.000000000000 1000000000.000000000000
128.000000000000 128.000000000000 128.000000000000 1000000000.000000000000
256.000000000000 128.000000000000 128.000000000000 1000000000.000000000000
512.000000000000 128.000000000000 128.000000000000 1000000000.000000000000
1.000000000000 256.000000000000 128.000000000000 1000000000.000000000000
2.000000000000 256.000000000000 128.000000000000 1000000000.000000000000
4.000000000000 256.000000000000 128.000000000000 1000000000.000000000000
8.000000000000 256.000000000000 128.000000000000 1000000000.000000000000
16.000000000000 256.000000000000 128.000000000000 1000000000.000000000000
32.000000000000 256.000000000000 128.000000000000 1000000000.000000000000
64.000000000000 256.000000000000 128.000000000000 1000000000.000000000000
128.000000000000 256.000000000000 128.000000000000 1000000000.000000000000
256.000000000000 256.000000000000 128.000000000000 1000000000.000000000000
512.000000000000 256.000000000000 128.000000000000 1000000000.000000000000
1.000000000000 512.000000000000 128.000000000000 1000000000.000000000000
2.000000000000 512.000000000000 128.000000000000 1000000000.000000000000
4.000000000000 512.000000000000 128.000000000000 1000000000.000000000000
8.000000000000 512.000000000000 128.000000000000 1000000000.000000000000
16.000000000000 512.000000000000 128.000000000000 1000000000.000000000000
32.000000000000 512.000000000000 128.000000000000 1000000000.000000000000
64.000000000000 512.000000000000 128.000000000000 1000000000.000000000000
128.000000000000 512.000000000000 128.000000000000 1000000000.000000000000
256.000000000000 512.000000000000 128.000000000000 1000000000.000000000000
512.000000000000 512.000000000000 128.000000000000 1000000000.000000000000
1.000000000000 1.000000000000 256.000000000000 0.079045080000
2.000000000000 1.000000000000 256.000000000000 0.082544620000
4.000000000000 1.000000000000 256.000000000000 0.079247400000
8.000000000000 1.000000000000 256.000000000000 0.080697220000
16.000000000000 1.000000000000 256.000000000000 0.081034300000
32.000000000000 1.000000000000 256.000000000000 0.081873760000
64.000000000000 1.000000000000 256.000000000000 0.094923220000
128.000000000000 1.000000000000 256.000000000000 0.098443220000
256.000000000000 1.000000000000 256.000000000000 0.156549200000
512.000000000000 1.000000000000 256.000000000000 0.229971320000
1.000000000000 2.000000000000 256.000000000000 0.043373340000
2.000000000000 2.000000000000 256.000000000000 0.042676040000
4.000000000000 2.000000000000 256.000000000000 0.042438780000
8.000000000000 2.000000000000 256.000000000000 0.041923360000
16.000000000000 2.000000000000 256.000000000000 0.040772660000
32.000000000000 2.000000000000 256.000000000000 0.042586920000
64.000000000000 2.000000000000 256.000000000000 0.052075020000
128.000000000000 2.000000000000 256.000000000000 0.051298140000
256.000000000000 2.000000000000 256.000000000000 0.079018200000
512.000000000000 2.000000000000 256.000000000000 0.115425820000
1.000000000000 4.000000000000 256.000000000000 0.026044860000
2.000000000000 4.000000000000 256.000000000000 0.022889520000
4.000000000000 4.000000000000 256.000000000000 0.021912500000
8.000000000000 4.000000000000 256.000000000000 0.021655920000
16.000000000000 4.000000000000 256.000000000000 0.022577420000
32.000000000000 4.000000000000 256.000000000000 0.022486620000
64.000000000000 4.000000000000 256.000000000000 0.025745140000
128.000000000000 4.000000000000 256.000000000000 0.025590780000
256.000000000000 4.000000000000 256.000000000000 1000000000.000000000000
512.000000000000 4.000000000000 256.000000000000 0.059649260000
1.000000000000 8.000000000000 256.000000000000 1000000000.000000000000
2.000000000000 8.000000000000 256.000000000000 1000000000.000000000000
4.000000000000 8.000000000000 256.000000000000 1000000000.000000000000
8.000000000000 8.000000000000 256.000000000000 1000000000.000000000000
16.000000000000 8.000000000000 256.000000000000 1000000000.000000000000
32.000000000000 8.000000000000 256.000000000000 1000000000.000000000000
64.000000000000 8.000000000000 256.000000000000 1000000000.000000000000
128.000000000000 8.000000000000 256.000000000000 1000000000.000000000000
256.000000000000 8.000000000000 256.000000000000 1000000000.000000000000
512.000000000000 8.000000000000 256.000000000000 1000000000.000000000000
1.000000000000 16.000000000000 256.000000000000 1000000000.000000000000
2.000000000000 16.000000000000 256.000000000000 1000000000.000000000000
4.000000000000 16.000000000000 256.000000000000 1000000000.000000000000
8.000000000000 16.000000000000 256.000000000000 1000000000.000000000000
16.000000000000 16.000000000000 256.000000000000 1000000000.000000000000
32.000000000000 16.000000000000 256.000000000000 1000000000.000000000000
64.000000000000 16.000000000000 256.000000000000 1000000000.000000000000
128.000000000000 16.000000000000 256.000000000000 1000000000.000000000000
256.000000000000 16.000000000000 256.000000000000 1000000000.000000000000
512.000000000000 16.000000000000 256.000000000000 1000000000.000000000000
1.000000000000 32.000000000000 256.000000000000 1000000000.000000000000
2.000000000000 32.000000000000 256.000000000000 1000000000.000000000000
4.000000000000 32.000000000000 256.000000000000 1000000000.000000000000
8.000000000000 32.000000000000 256.000000000000 1000000000.000000000000
16.000000000000 32.000000000000 256.000000000000 1000000000.000000000000
32.000000000000 32.000000000000 256.000000000000 1000000000.000000000000
64.000000000000 32.000000000000 256.000000000000 1000000000.000000000000
128.000000000000 32.000000000000 256.000000000000 1000000000.000000000000
256.000000000000 32.000000000000 256.000000000000 1000000000.000000000000
512.000000000000 32.000000000000 256.000000000000 1000000000.000000000000
1.000000000000 64.000000000000 256.000000000000 1000000000.000000000000
2.000000000000 64.000000000000 256.000000000000 1000000000.000000000000
4.000000000000 64.000000000000 256.000000000000 1000000000.000000000000
8.000000000000 64.000000000000 256.000000000000 1000000000.000000000000
16.000000000000 64.000000000000 256.000000000000 1000000000.000000000000
32.000000000000 64.000000000000 256.000000000000 1000000000.000000000000
64.000000000000 64.000000000000 256.000000000000 1000000000.000000000000
128.000000000000 64.000000000000 256.000000000000 1000000000.000000000000
256.000000000000 64.000000000000 256.000000000000 1000000000.000000000000
512.000000000000 64.000000000000 256.000000000000 1000000000.000000000000
1.000000000000 128.000000000000 256.000000000000 1000000000.000000000000
2.000000000000 128.000000000000 256.000000000000 1000000000.000000000000
4.000000000000 128.000000000000 256.000000000000 1000000000.000000000000
8.000000000000 128.000000000000 256.000000000000 1000000000.000000000000
16.000000000000 128.000000000000 256.000000000000 1000000000.000000000000
32.000000000000 128.000000000000 256.000000000000 1000000000.000000000000
64.000000000000 128.000000000000 256.000000000000 1000000000.000000000000
128.000000000000 128.000000000000 256.000000000000 1000000000.000000000000
256.000000000000 128.000000000000 256.000000000000 1000000000.000000000000
512.000000000000 128.000000000000 256.000000000000 1000000000.000000000000
1.000000000000 256.000000000000 256.000000000000 1000000000.000000000000
2.000000000000 256.000000000000 256.000000000000 1000000000.000000000000
4.000000000000 256.000000000000 256.000000000000 1000000000.000000000000
8.000000000000 256.000000000000 256.000000000000 1000000000.000000000000
16.000000000000 256.000000000000 256.000000000000 1000000000.000000000000
32.000000000000 256.000000000000 256.000000000000 1000000000.000000000000
64.000000000000 256.000000000000 256.000000000000 1000000000.000000000000
128.000000000000 256.000000000000 256.000000000000 1000000000.000000000000
256.000000000000 256.000000000000 256.000000000000 1000000000.000000000000
512.000000000000 256.000000000000 256.000000000000 1000000000.000000000000
1.000000000000 512.000000000000 256.000000000000 1000000000.000000000000
2.000000000000 512.000000000000 256.000000000000 1000000000.000000000000
4.000000000000 512.000000000000 256.000000000000 1000000000.000000000000
8.000000000000 512.000000000000 256.000000000000 1000000000.000000000000
16.000000000000 512.000000000000 256.000000000000 1000000000.000000000000
32.000000000000 512.000000000000 256.000000000000 1000000000.000000000000
64.000000000000 512.000000000000 256.000000000000 1000000000.000000000000
128.000000000000 512.000000000000 256.000000000000 1000000000.000000000000
256.000000000000 512.000000000000 256.000000000000 1000000000.000000000000
512.000000000000 512.000000000000 256.000000000000 1000000000.000000000000
1.000000000000 1.000000000000 512.000000000000 0.022640300000
2.000000000000 1.000000000000 512.000000000000 0.079512980000
4.000000000000 1.000000000000 512.000000000000 0.076986980000
8.000000000000 1.000000000000 512.000000000000 0.076222800000
16.000000000000 1.000000000000 512.000000000000 0.083081120000
32.000000000000 1.000000000000 512.000000000000 0.084678860000
64.000000000000 1.000000000000 512.000000000000 0.096436960000
128.000000000000 1.000000000000 512.000000000000 0.098623360000
256.000000000000 1.000000000000 512.000000000000 0.154779220000
512.000000000000 1.000000000000 512.000000000000 0.215704040000
1.000000000000 2.000000000000 512.000000000000 0.011858540000
2.000000000000 2.000000000000 512.000000000000 0.042437600000
4.000000000000 2.000000000000 512.000000000000 1000000000.000000000000
8.000000000000 2.000000000000 512.000000000000 1000000000.000000000000
16.000000000000 2.000000000000 512.000000000000 1000000000.000000000000
32.000000000000 2.000000000000 512.000000000000 1000000000.000000000000
64.000000000000 2.000000000000 512.000000000000 1000000000.000000000000
128.000000000000 2.000000000000 512.000000000000 1000000000.000000000000
256.000000000000 2.000000000000 512.000000000000 1000000000.000000000000
512.000000000000 2.000000000000 512.000000000000 0.119897780000
1.000000000000 4.000000000000 512.000000000000 1000000000.000000000000
2.000000000000 4.000000000000 512.000000000000 1000000000.000000000000
4.000000000000 4.000000000000 512.000000000000 1000000000.000000000000
8.000000000000 4.000000000000 512.000000000000 1000000000.000000000000
16.000000000000 4.000000000000 512.000000000000 1000000000.000000000000
32.000000000000 4.000000000000 512.000000000000 1000000000.000000000000
64.000000000000 4.000000000000 512.000000000000 1000000000.000000000000
128.000000000000 4.000000000000 512.000000000000 1000000000.000000000000
256.000000000000 4.000000000000 512.000000000000 1000000000.000000000000
512.000000000000 4.000000000000 512.000000000000 1000000000.000000000000
1.000000000000 8.000000000000 512.000000000000 1000000000.000000000000
2.000000000000 8.000000000000 512.000000000000 1000000000.000000000000
4.000000000000 8.000000000000 512.000000000000 1000000000.000000000000
8.000000000000 8.000000000000 512.000000000000 1000000000.000000000000
16.000000000000 8.000000000000 512.000000000000 1000000000.000000000000
32.000000000000 8.000000000000 512.000000000000 1000000000.000000000000
64.000000000000 8.000000000000 512.000000000000 1000000000.000000000000
128.000000000000 8.000000000000 512.000000000000 1000000000.000000000000
256.000000000000 8.000000000000 512.000000000000 1000000000.000000000000
512.000000000000 8.000000000000 512.000000000000 1000000000.000000000000
1.000000000000 16.000000000000 512.000000000000 1000000000.000000000000
2.000000000000 16.000000000000 512.000000000000 1000000000.000000000000
4.000000000000 16.000000000000 512.000000000000 1000000000.000000000000
8.000000000000 16.000000000000 512.000000000000 1000000000.000000000000
16.000000000000 16.000000000000 512.000000000000 1000000000.000000000000
32.000000000000 16.000000000000 512.000000000000 1000000000.000000000000
64.000000000000 16.000000000000 512.000000000000 1000000000.000000000000
128.000000000000 16.000000000000 512.000000000000 1000000000.000000000000
256.000000000000 16.000000000000 512.000000000000 1000000000.000000000000
512.000000000000 16.000000000000 512.000000000000 1000000000.000000000000
1.000000000000 32.000000000000 512.000000000000 1000000000.000000000000
2.000000000000 32.000000000000 512.000000000000 1000000000.000000000000
4.000000000000 32.000000000000 512.000000000000 1000000000.000000000000
8.000000000000 32.000000000000 512.000000000000 1000000000.000000000000
16.000000000000 32.000000000000 512.000000000000 1000000000.000000000000
32.000000000000 32.000000000000 512.000000000000 1000000000.000000000000
64.000000000000 32.000000000000 512.000000000000 1000000000.000000000000
128.000000000000 32.000000000000 512.000000000000 1000000000.000000000000
256.000000000000 32.000000000000 512.000000000000 1000000000.000000000000
512.000000000000 32.000000000000 512.000000000000 1000000000.000000000000
1.000000000000 64.000000000000 512.000000000000 1000000000.000000000000
2.000000000000 64.000000000000 512.000000000000 1000000000.000000000000
4.000000000000 64.000000000000 512.000000000000 1000000000.000000000000
8.000000000000 64.000000000000 512.000000000000 1000000000.000000000000
16.000000000000 64.000000000000 512.000000000000 1000000000.000000000000
32.000000000000 64.000000000000 512.000000000000 1000000000.000000000000
64.000000000000 64.000000000000 512.000000000000 1000000000.000000000000
128.000000000000 64.000000000000 512.000000000000 1000000000.000000000000
256.000000000000 64.000000000000 512.000000000000 1000000000.000000000000
512.000000000000 64.000000000000 512.000000000000 1000000000.000000000000
1.000000000000 128.000000000000 512.000000000000 1000000000.000000000000
2.000000000000 128.000000000000 512.000000000000 1000000000.000000000000
4.000000000000 128.000000000000 512.000000000000 1000000000.000000000000
8.000000000000 128.000000000000 512.000000000000 1000000000.000000000000
16.000000000000 128.000000000000 512.000000000000 1000000000.000000000000
32.000000000000 128.000000000000 512.000000000000 1000000000.000000000000
64.000000000000 128.000000000000 512.000000000000 1000000000.000000000000
128.000000000000 128.000000000000 512.000000000000 1000000000.000000000000
256.000000000000 128.000000000000 512.000000000000 1000000000.000000000000
512.000000000000 128.000000000000 512.000000000000 1000000000.000000000000
1.000000000000 256.000000000000 512.000000000000 1000000000.000000000000
2.000000000000 256.000000000000 512.000000000000 1000000000.000000000000
4.000000000000 256.000000000000 512.000000000000 1000000000.000000000000
8.000000000000 256.000000000000 512.000000000000 1000000000.000000000000
16.000000000000 256.000000000000 512.000000000000 1000000000.000000000000
32.000000000000 256.000000000000 512.000000000000 1000000000.000000000000
64.000000000000 256.000000000000 512.000000000000 1000000000.000000000000
128.000000000000 256.000000000000 512.000000000000 1000000000.000000000000
256.000000000000 256.000000000000 512.000000000000 1000000000.000000000000
512.000000000000 256.000000000000 512.000000000000 1000000000.000000000000
1.000000000000 512.000000000000 512.000000000000 1000000000.000000000000
2.000000000000 512.000000000000 512.000000000000 1000000000.000000000000
4.000000000000 512.000000000000 512.000000000000 1000000000.000000000000
8.000000000000 512.000000000000 512.000000000000 1000000000.000000000000
16.000000000000 512.000000000000 512.000000000000 1000000000.000000000000
32.000000000000 512.000000000000 512.000000000000 1000000000.000000000000
64.000000000000 512.000000000000 512.000000000000 1000000000.000000000000
128.000000000000 512.000000000000 512.000000000000 1000000000.000000000000
256.000000000000 512.000000000000 512.000000000000 1000000000.000000000000
512.000000000000 512.000000000000 512.000000000000 1000000000.000000000000
