1.000000000000 1.000000000000 1.000000000000 0.072760780000
2.000000000000 1.000000000000 1.000000000000 0.049125780000
4.000000000000 1.000000000000 1.000000000000 0.042265240000
8.000000000000 1.000000000000 1.000000000000 0.035148280000
16.000000000000 1.000000000000 1.000000000000 0.032573660000
32.000000000000 1.000000000000 1.000000000000 0.011922360000
64.000000000000 1.000000000000 1.000000000000 0.014633320000
128.000000000000 1.000000000000 1.000000000000 0.011298820000
256.000000000000 1.000000000000 1.000000000000 0.017912740000
512.000000000000 1.000000000000 1.000000000000 0.015287300000
1.000000000000 2.000000000000 1.000000000000 0.042450020000
2.000000000000 2.000000000000 1.000000000000 0.040181220000
4.000000000000 2.000000000000 1.000000000000 0.034192220000
8.000000000000 2.000000000000 1.000000000000 0.028349440000
16.000000000000 2.000000000000 1.000000000000 0.033853960000
32.000000000000 2.000000000000 1.000000000000 0.032305580000
64.000000000000 2.000000000000 1.000000000000 0.040818700000
128.000000000000 2.000000000000 1.000000000000 0.038855680000
256.000000000000 2.000000000000 1.000000000000 0.069655400000
512.000000000000 2.000000000000 1.000000000000 0.051510620000
1.000000000000 4.000000000000 1.000000000000 0.031131860000
2.000000000000 4.000000000000 1.000000000000 0.032262080000
4.000000000000 4.000000000000 1.000000000000 0.026991680000
8.000000000000 4.000000000000 1.000000000000 0.023373260000
16.000000000000 4.000000000000 1.000000000000 0.027664940000
32.000000000000 4.000000000000 1.000000000000 0.026556000000
64.000000000000 4.000000000000 1.000000000000 0.031651640000
128.000000000000 4.000000000000 1.000000000000 0.032942280000
256.000000000000 4.000000000000 1.000000000000 0.059586780000
512.000000000000 4.000000000000 1.000000000000 0.058873900000
1.000000000000 8.000000000000 1.000000000000 0.027557520000
2.000000000000 8.000000000000 1.000000000000 0.026883660000
4.000000000000 8.000000000000 1.000000000000 0.022866380000
8.000000000000 8.000000000000 1.000000000000 0.025739640000
16.000000000000 8.000000000000 1.000000000000 0.025133720000
32.000000000000 8.000000000000 1.000000000000 0.025124960000
64.000000000000 8.000000000000 1.000000000000 0.030827820000
128.000000000000 8.000000000000 1.000000000000 0.033030620000
256.000000000000 8.000000000000 1.000000000000 0.060178920000
512.000000000000 8.000000000000 1.000000000000 0.054953960000
1.000000000000 16.000000000000 1.000000000000 0.026041820000
2.000000000000 16.000000000000 1.000000000000 0.035108960000
4.000000000000 16.000000000000 1.000000000000 0.044134620000
8.000000000000 16.000000000000 1.000000000000 0.046667340000
16.000000000000 16.000000000000 1.000000000000 0.047672600000
32.000000000000 16.000000000000 1.000000000000 0.051690880000
64.000000000000 16.000000000000 1.000000000000 0.058006480000
128.000000000000 16.000000000000 1.000000000000 0.063596980000
256.000000000000 16.000000000000 1.000000000000 0.114433640000
512.000000000000 16.000000000000 1.000000000000 0.078396360000
1.000000000000 32.000000000000 1.000000000000 0.032268000000
2.000000000000 32.000000000000 1.000000000000 0.083731220000
4.000000000000 32.000000000000 1.000000000000 0.081160820000
8.000000000000 32.000000000000 1.000000000000 0.083143800000
16.000000000000 32.000000000000 1.000000000000 0.094642220000
32.000000000000 32.000000000000 1.000000000000 0.095674440000
64.000000000000 32.000000000000 1.000000000000 0.131750780000
128.000000000000 32.000000000000 1.000000000000 0.148926280000
256.000000000000 32.000000000000 1.000000000000 0.250305160000
512.000000000000 32.000000000000 1.000000000000 0.321479720000
1.000000000000 64.000000000000 1.000000000000 0.041498020000
2.000000000000 64.000000000000 1.000000000000 0.101792200000
4.000000000000 64.000000000000 1.000000000000 0.098452140000
8.000000000000 64.000000000000 1.000000000000 0.098258940000
16.000000000000 64.000000000000 1.000000000000 0.108714180000
32.000000000000 64.000000000000 1.000000000000 0.111961980000
64.000000000000 64.000000000000 1.000000000000 0.152732500000
128.000000000000 64.000000000000 1.000000000000 0.166873920000
256.000000000000 64.000000000000 1.000000000000 0.289403220000
512.000000000000 64.000000000000 1.000000000000 0.314612580000
1.000000000000 128.000000000000 1.000000000000 0.070407740000
2.000000000000 128.000000000000 1.000000000000 0.179441200000
4.000000000000 128.000000000000 1.000000000000 0.174139040000
8.000000000000 128.000000000000 1.000000000000 0.167181320000
16.000000000000 128.000000000000 1.000000000000 0.175104540000
32.000000000000 128.000000000000 1.000000000000 0.171595160000
64.000000000000 128.000000000000 1.000000000000 0.220578160000
128.000000000000 128.000000000000 1.000000000000 0.220482860000
256.000000000000 128.000000000000 1.000000000000 0.378503620000
512.000000000000 128.000000000000 1.000000000000 0.518781100000
1.000000000000 256.000000000000 1.000000000000 0.080675100000
2.000000000000 256.000000000000 1.000000000000 0.193819480000
4.000000000000 256.000000000000 1.000000000000 0.178665540000
8.000000000000 256.000000000000 1.000000000000 0.167541860000
16.000000000000 256.000000000000 1.000000000000 0.175393660000
32.000000000000 256.000000000000 1.000000000000 0.171351740000
64.000000000000 256.000000000000 1.000000000000 0.208306680000
128.000000000000 256.000000000000 1.000000000000 0.209921680000
256.000000000000 256.000000000000 1.000000000000 0.356941800000
512.000000000000 256.000000000000 1.000000000000 0.611432340000
1.000000000000 512.000000000000 1.000000000000 1000000000.000000000000
2.000000000000 512.000000000000 1.000000000000 1000000000.000000000000
4.000000000000 512.000000000000 1.000000000000 1000000000.000000000000
8.000000000000 512.000000000000 1.000000000000 1000000000.000000000000
16.000000000000 512.000000000000 1.000000000000 1000000000.000000000000
32.000000000000 512.000000000000 1.000000000000 1000000000.000000000000
64.000000000000 512.000000000000 1.000000000000 1000000000.000000000000
128.000000000000 512.000000000000 1.000000000000 1000000000.000000000000
256.000000000000 512.000000000000 1.000000000000 1000000000.000000000000
512.000000000000 512.000000000000 1.000000000000 1000000000.000000000000
1.000000000000 1.000000000000 2.000000000000 0.073233480000
2.000000000000 1.000000000000 2.000000000000 0.046880600000
4.000000000000 1.000000000000 2.000000000000 0.035928800000
8.000000000000 1.000000000000 2.000000000000 0.028414260000
16.000000000000 1.000000000000 2.000000000000 0.027806580000
32.000000000000 1.000000000000 2.000000000000 0.009617560000
64.000000000000 1.000000000000 2.000000000000 0.011689160000
128.000000000000 1.000000000000 2.000000000000 0.010143540000
256.000000000000 1.000000000000 2.000000000000 0.018093580000
512.000000000000 1.000000000000 2.000000000000 0.014034440000
1.000000000000 2.000000000000 2.000000000000 0.041080100000
2.000000000000 2.000000000000 2.000000000000 0.034289760000
4.000000000000 2.000000000000 2.000000000000 0.026058440000
8.000000000000 2.000000000000 2.000000000000 0.021583740000
16.000000000000 2.000000000000 2.000000000000 0.023510320000
32.000000000000 2.000000000000 2.000000000000 0.021127740000
64.000000000000 2.000000000000 2.000000000000 0.025853820000
128.000000000000 2.000000000000 2.000000000000 0.028647980000
256.000000000000 2.000000000000 2.000000000000 0.047467060000
512.000000000000 2.000000000000 2.000000000000 0.034273640000
1.000000000000 4.000000000000 2.000000000000 0.025582700000
2.000000000000 4.000000000000 2.000000000000 0.023006400000
4.000000000000 4.000000000000 2.000000000000 0.018963540000
8.000000000000 4.000000000000 2.000000000000 0.018735580000
16.000000000000 4.000000000000 2.000000000000 0.016875640000
32.000000000000 4.000000000000 2.000000000000 0.016136660000
64.000000000000 4.000000000000 2.000000000000 0.020334620000
128.000000000000 4.000000000000 2.000000000000 0.019807820000
256.000000000000 4.000000000000 2.000000000000 0.037146800000
512.000000000000 4.000000000000 2.000000000000 0.034286700000
1.000000000000 8.000000000000 2.000000000000 0.020719180000
2.000000000000 8.000000000000 2.000000000000 0.018581680000
4.000000000000 8.000000000000 2.000000000000 0.015027660000
8.000000000000 8.000000000000 2.000000000000 0.015509840000
16.000000000000 8.000000000000 2.000000000000 0.015480680000
32.000000000000 8.000000000000 2.000000000000 0.015522480000
64.000000000000 8.000000000000 2.000000000000 0.019139340000
128.000000000000 8.000000000000 2.000000000000 0.020039720000
256.000000000000 8.000000000000 2.000000000000 0.036142540000
512.000000000000 8.000000000000 2.000000000000 0.030052240000
1.000000000000 16.000000000000 2.000000000000 0.018747820000
2.000000000000 16.000000000000 2.000000000000 0.020359000000
4.000000000000 16.000000000000 2.000000000000 0.030423520000
8.000000000000 16.000000000000 2.000000000000 0.028924980000
16.000000000000 16.000000000000 2.000000000000 0.030164140000
32.000000000000 16.000000000000 2.000000000000 0.030495200000
64.000000000000 16.000000000000 2.000000000000 0.035102660000
128.000000000000 16.000000000000 2.000000000000 0.037630380000
256.000000000000 16.000000000000 2.000000000000 0.069920440000
512.000000000000 16.000000000000 2.000000000000 0.061990380000
1.000000000000 32.000000000000 2.000000000000 0.021856160000
2.000000000000 32.000000000000 2.000000000000 0.046033300000
4.000000000000 32.000000000000 2.000000000000 0.044572280000
8.000000000000 32.000000000000 2.000000000000 0.044518560000
16.000000000000 32.000000000000 2.000000000000 0.047470940000
32.000000000000 32.000000000000 2.000000000000 0.051362760000
64.000000000000 32.000000000000 2.000000000000 0.065850340000
128.000000000000 32.000000000000 2.000000000000 0.074886340000
256.000000000000 32.000000000000 2.000000000000 0.132757080000
512.000000000000 32.000000000000 2.000000000000 0.159621680000
1.000000000000 64.000000000000 2.000000000000 0.030913940000
2.000000000000 64.000000000000 2.000000000000 0.102535560000
4.000000000000 64.000000000000 2.000000000000 0.099314280000
8.000000000000 64.000000000000 2.000000000000 0.098371380000
16.000000000000 64.000000000000 2.000000000000 0.111581680000
32.000000000000 64.000000000000 2.000000000000 0.115238640000
64.000000000000 64.000000000000 2.000000000000 0.158729720000
128.000000000000 64.000000000000 2.000000000000 0.171284540000
256.000000000000 64.000000000000 2.000000000000 0.304253900000
512.000000000000 64.000000000000 2.000000000000 0.330430300000
1.000000000000 128.000000000000 2.000000000000 0.046492380000
2.000000000000 128.000000000000 2.000000000000 0.155935600000
4.000000000000 128.000000000000 2.000000000000 0.145408600000
8.000000000000 128.000000000000 2.000000000000 0.137951740000
16.000000000000 128.000000000000 2.000000000000 0.149517100000
32.000000000000 128.000000000000 2.000000000000 0.146300540000
64.000000000000 128.000000000000 2.000000000000 0.181740580000
128.000000000000 128.000000000000 2.000000000000 0.187513960000
256.000000000000 128.000000000000 2.000000000000 0.336772300000
512.000000000000 128.000000000000 2.000000000000 0.547796220000
1.000000000000 256.000000000000 2.000000000000 1000000000.000000000000
2.000000000000 256.000000000000 2.000000000000 0.163749420000
4.000000000000 256.000000000000 2.000000000000 0.146836160000
8.000000000000 256.000000000000 2.000000000000 0.138754980000
16.000000000000 256.000000000000 2.000000000000 0.147125600000
32.000000000000 256.000000000000 2.000000000000 0.146794400000
64.000000000000 256.000000000000 2.000000000000 0.180412740000
128.000000000000 256.000000000000 2.000000000000 0.179288400000
256.000000000000 256.000000000000 2.000000000000 0.325936520000
512.000000000000 256.000000000000 2.000000000000 1000000000.000000000000
1.000000000000 512.000000000000 2.000000000000 1000000000.000000000000
2.000000000000 512.000000000000 2.000000000000 1000000000.000000000000
4.000000000000 512.000000000000 2.000000000000 1000000000.000000000000
8.000000000000 512.000000000000 2.000000000000 1000000000.000000000000
16.000000000000 512.000000000000 2.000000000000 1000000000.000000000000
32.000000000000 512.000000000000 2.000000000000 1000000000.000000000000
64.000000000000 512.000000000000 2.000000000000 1000000000.000000000000
128.000000000000 512.000000000000 2.000000000000 1000000000.000000000000
256.000000000000 512.000000000000 2.000000000000 1000000000.000000000000
512.000000000000 512.000000000000 2.000000000000 1000000000.000000000000
1.000000000000 1.000000000000 4.000000000000 0.072775620000
2.000000000000 1.000000000000 4.000000000000 0.045984520000
4.000000000000 1.000000000000 4.000000000000 0.034145800000
8.000000000000 1.000000000000 4.000000000000 0.026963780000
16.000000000000 1.000000000000 4.000000000000 0.010428500000
32.000000000000 1.000000000000 4.000000000000 0.008498360000
64.000000000000 1.000000000000 4.000000000000 0.010827940000
128.000000000000 1.000000000000 4.000000000000 0.009280840000
256.000000000000 1.000000000000 4.000000000000 0.013594960000
512.000000000000 1.000000000000 4.000000000000 0.011996360000
1.000000000000 2.000000000000 4.000000000000 0.040113840000
2.000000000000 2.000000000000 4.000000000000 0.030620360000
4.000000000000 2.000000000000 4.000000000000 0.022296000000
8.000000000000 2.000000000000 4.000000000000 0.018754960000
16.000000000000 2.000000000000 4.000000000000 0.017647440000
32.000000000000 2.000000000000 4.000000000000 0.015909360000
64.000000000000 2.000000000000 4.000000000000 0.019913080000
128.000000000000 2.000000000000 4.000000000000 0.020289420000
256.000000000000 2.000000000000 4.000000000000 0.037160260000
512.000000000000 2.000000000000 4.000000000000 0.026476600000
1.000000000000 4.000000000000 4.000000000000 0.025468080000
2.000000000000 4.000000000000 4.000000000000 0.020542000000
4.000000000000 4.000000000000 4.000000000000 0.014378660000
8.000000000000 4.000000000000 4.000000000000 0.013280500000
16.000000000000 4.000000000000 4.000000000000 0.011844460000
32.000000000000 4.000000000000 4.000000000000 0.011484800000
64.000000000000 4.000000000000 4.000000000000 0.014210260000
128.000000000000 4.000000000000 4.000000000000 0.013686780000
256.000000000000 4.000000000000 4.000000000000 0.025499940000
512.000000000000 4.000000000000 4.000000000000 0.021614360000
1.000000000000 8.000000000000 4.000000000000 0.018894020000
2.000000000000 8.000000000000 4.000000000000 0.014347280000
4.000000000000 8.000000000000 4.000000000000 0.012591400000
8.000000000000 8.000000000000 4.000000000000 0.010459940000
16.000000000000 8.000000000000 4.000000000000 0.009994980000
32.000000000000 8.000000000000 4.000000000000 0.009811120000
64.000000000000 8.000000000000 4.000000000000 0.012833240000
128.000000000000 8.000000000000 4.000000000000 0.012102960000
256.000000000000 8.000000000000 4.000000000000 0.023753520000
512.000000000000 8.000000000000 4.000000000000 0.018625760000
1.000000000000 16.000000000000 4.000000000000 0.016071080000
2.000000000000 16.000000000000 4.000000000000 0.015930620000
4.000000000000 16.000000000000 4.000000000000 0.017109660000
8.000000000000 16.000000000000 4.000000000000 0.015661140000
16.000000000000 16.000000000000 4.000000000000 0.016535540000
32.000000000000 16.000000000000 4.000000000000 0.016719460000
64.000000000000 16.000000000000 4.000000000000 0.021523080000
128.000000000000 16.000000000000 4.000000000000 0.023277680000
256.000000000000 16.000000000000 4.000000000000 0.043083920000
512.000000000000 16.000000000000 4.000000000000 0.045667700000
1.000000000000 32.000000000000 4.000000000000 0.019858000000
2.000000000000 32.000000000000 4.000000000000 0.028470180000
4.000000000000 32.000000000000 4.000000000000 0.025492880000
8.000000000000 32.000000000000 4.000000000000 0.024095000000
16.000000000000 32.000000000000 4.000000000000 0.025778120000
32.000000000000 32.000000000000 4.000000000000 0.025830060000
64.000000000000 32.000000000000 4.000000000000 0.035569980000
128.000000000000 32.000000000000 4.000000000000 0.037525780000
256.000000000000 32.000000000000 4.000000000000 0.066593420000
512.000000000000 32.000000000000 4.000000000000 0.081390700000
1.000000000000 64.000000000000 4.000000000000 0.028305980000
2.000000000000 64.000000000000 4.000000000000 0.091257880000
4.000000000000 64.000000000000 4.000000000000 0.089717880000
8.000000000000 64.000000000000 4.000000000000 0.088942020000
16.000000000000 64.000000000000 4.000000000000 0.096858720000
32.000000000000 64.000000000000 4.000000000000 0.098346300000
64.000000000000 64.000000000000 4.000000000000 0.133266220000
128.000000000000 64.000000000000 4.000000000000 0.140588720000
256.000000000000 64.000000000000 4.000000000000 0.262893040000
512.000000000000 64.000000000000 4.000000000000 0.411683260000
1.000000000000 128.000000000000 4.000000000000 0.046341020000
2.000000000000 128.000000000000 4.000000000000 0.140967840000
4.000000000000 128.000000000000 4.000000000000 0.133014720000
8.000000000000 128.000000000000 4.000000000000 0.125485280000
16.000000000000 128.000000000000 4.000000000000 0.139073460000
32.000000000000 128.000000000000 4.000000000000 0.132500660000
64.000000000000 128.000000000000 4.000000000000 0.168368780000
128.000000000000 128.000000000000 4.000000000000 0.170850340000
256.000000000000 128.000000000000 4.000000000000 0.319717460000
512.000000000000 128.000000000000 4.000000000000 0.609091900000
1.000000000000 256.000000000000 4.000000000000 1000000000.000000000000
2.000000000000 256.000000000000 4.000000000000 1000000000.000000000000
4.000000000000 256.000000000000 4.000000000000 1000000000.000000000000
8.000000000000 256.000000000000 4.000000000000 1000000000.000000000000
16.000000000000 256.000000000000 4.000000000000 1000000000.000000000000
32.000000000000 256.000000000000 4.000000000000 1000000000.000000000000
64.000000000000 256.000000000000 4.000000000000 1000000000.000000000000
128.000000000000 256.000000000000 4.000000000000 1000000000.000000000000
256.000000000000 256.000000000000 4.000000000000 1000000000.000000000000
512.000000000000 256.000000000000 4.000000000000 1000000000.000000000000
1.000000000000 512.000000000000 4.000000000000 1000000000.000000000000
2.000000000000 512.000000000000 4.000000000000 1000000000.000000000000
4.000000000000 512.000000000000 4.000000000000 1000000000.000000000000
8.000000000000 512.000000000000 4.000000000000 1000000000.000000000000
16.000000000000 512.000000000000 4.000000000000 1000000000.000000000000
32.000000000000 512.000000000000 4.000000000000 1000000000.000000000000
64.000000000000 512.000000000000 4.000000000000 1000000000.000000000000
128.000000000000 512.000000000000 4.000000000000 1000000000.000000000000
256.000000000000 512.000000000000 4.000000000000 1000000000.000000000000
512.000000000000 512.000000000000 4.000000000000 1000000000.000000000000
1.000000000000 1.000000000000 8.000000000000 0.071735660000
2.000000000000 1.000000000000 8.000000000000 0.046626260000
4.000000000000 1.000000000000 8.000000000000 0.034433720000
8.000000000000 1.000000000000 8.000000000000 0.013288120000
16.000000000000 1.000000000000 8.000000000000 0.009901420000
32.000000000000 1.000000000000 8.000000000000 0.009766760000
64.000000000000 1.000000000000 8.000000000000 0.009258880000
128.000000000000 1.000000000000 8.000000000000 0.008315980000
256.000000000000 1.000000000000 8.000000000000 0.015296320000
512.000000000000 1.000000000000 8.000000000000 0.011855380000
1.000000000000 2.000000000000 8.000000000000 0.041345600000
2.000000000000 2.000000000000 8.000000000000 0.031952220000
4.000000000000 2.000000000000 8.000000000000 0.019275880000
8.000000000000 2.000000000000 8.000000000000 0.016853520000
16.000000000000 2.000000000000 8.000000000000 0.014716640000
32.000000000000 2.000000000000 8.000000000000 0.013224060000
64.000000000000 2.000000000000 8.000000000000 0.017656520000
128.000000000000 2.000000000000 8.000000000000 0.016962580000
256.000000000000 2.000000000000 8.000000000000 0.029203480000
512.000000000000 2.000000000000 8.000000000000 0.028029460000
1.000000000000 4.000000000000 8.000000000000 0.024867480000
2.000000000000 4.000000000000 8.000000000000 0.016761280000
4.000000000000 4.000000000000 8.000000000000 0.013504140000
8.000000000000 4.000000000000 8.000000000000 0.010002800000
16.000000000000 4.000000000000 8.000000000000 0.010034840000
32.000000000000 4.000000000000 8.000000000000 0.008606160000
64.000000000000 4.000000000000 8.000000000000 0.011237600000
128.000000000000 4.000000000000 8.000000000000 0.010922280000
256.000000000000 4.000000000000 8.000000000000 0.020549460000
512.000000000000 4.000000000000 8.000000000000 0.016098480000
1.000000000000 8.000000000000 8.000000000000 0.018085520000
2.000000000000 8.000000000000 8.000000000000 0.012397020000
4.000000000000 8.000000000000 8.000000000000 0.010269760000
8.000000000000 8.000000000000 8.000000000000 0.007997480000
16.000000000000 8.000000000000 8.000000000000 0.007929560000
32.000000000000 8.000000000000 8.000000000000 0.007280900000
64.000000000000 8.000000000000 8.000000000000 0.009265900000
128.000000000000 8.000000000000 8.000000000000 0.010041500000
256.000000000000 8.000000000000 8.000000000000 0.017017600000
512.000000000000 8.000000000000 8.000000000000 0.014420740000
1.000000000000 16.000000000000 8.000000000000 0.015004620000
2.000000000000 16.000000000000 8.000000000000 0.012803160000
4.000000000000 16.000000000000 8.000000000000 0.011136680000
8.000000000000 16.000000000000 8.000000000000 0.010196280000
16.000000000000 16.000000000000 8.000000000000 0.011282420000
32.000000000000 16.000000000000 8.000000000000 0.010584700000
64.000000000000 16.000000000000 8.000000000000 0.013615500000
128.000000000000 16.000000000000 8.000000000000 0.014553100000
256.000000000000 16.000000000000 8.000000000000 0.024507520000
512.000000000000 16.000000000000 8.000000000000 0.032481500000
1.000000000000 32.000000000000 8.000000000000 0.017448260000
2.000000000000 32.000000000000 8.000000000000 0.020119040000
4.000000000000 32.000000000000 8.000000000000 0.016270160000
8.000000000000 32.000000000000 8.000000000000 0.014023380000
16.000000000000 32.000000000000 8.000000000000 0.014327440000
32.000000000000 32.000000000000 8.000000000000 0.014533680000
64.000000000000 32.000000000000 8.000000000000 0.019058380000
128.000000000000 32.000000000000 8.000000000000 0.020471980000
256.000000000000 32.000000000000 8.000000000000 0.038268220000
512.000000000000 32.000000000000 8.000000000000 0.041566140000
1.000000000000 64.000000000000 8.000000000000 0.026429960000
2.000000000000 64.000000000000 8.000000000000 0.086020980000
4.000000000000 64.000000000000 8.000000000000 0.082135260000
8.000000000000 64.000000000000 8.000000000000 0.081745180000
16.000000000000 64.000000000000 8.000000000000 0.091214300000
32.000000000000 64.000000000000 8.000000000000 0.088767340000
64.000000000000 64.000000000000 8.000000000000 0.121228660000
128.000000000000 64.000000000000 8.000000000000 0.123972200000
256.000000000000 64.000000000000 8.000000000000 0.238279880000
512.000000000000 64.000000000000 8.000000000000 0.447321680000
1.000000000000 128.000000000000 8.000000000000 0.043868240000
2.000000000000 128.000000000000 8.000000000000 0.139379600000
4.000000000000 128.000000000000 8.000000000000 0.128603760000
8.000000000000 128.000000000000 8.000000000000 0.119891640000
16.000000000000 128.000000000000 8.000000000000 0.129031960000
32.000000000000 128.000000000000 8.000000000000 0.125198020000
64.000000000000 128.000000000000 8.000000000000 0.160644780000
128.000000000000 128.000000000000 8.000000000000 0.163896200000
256.000000000000 128.000000000000 8.000000000000 0.310035840000
512.000000000000 128.000000000000 8.000000000000 1000000000.000000000000
1.000000000000 256.000000000000 8.000000000000 1000000000.000000000000
2.000000000000 256.000000000000 8.000000000000 1000000000.000000000000
4.000000000000 256.000000000000 8.000000000000 1000000000.000000000000
8.000000000000 256.000000000000 8.000000000000 1000000000.000000000000
16.000000000000 256.000000000000 8.000000000000 1000000000.000000000000
32.000000000000 256.000000000000 8.000000000000 1000000000.000000000000
64.000000000000 256.000000000000 8.000000000000 1000000000.000000000000
128.000000000000 256.000000000000 8.000000000000 1000000000.000000000000
256.000000000000 256.000000000000 8.000000000000 1000000000.000000000000
512.000000000000 256.000000000000 8.000000000000 1000000000.000000000000
1.000000000000 512.000000000000 8.000000000000 1000000000.000000000000
2.000000000000 512.000000000000 8.000000000000 1000000000.000000000000
4.000000000000 512.000000000000 8.000000000000 1000000000.000000000000
8.000000000000 512.000000000000 8.000000000000 1000000000.000000000000
16.000000000000 512.000000000000 8.000000000000 1000000000.000000000000
32.000000000000 512.000000000000 8.000000000000 1000000000.000000000000
64.000000000000 512.000000000000 8.000000000000 1000000000.000000000000
128.000000000000 512.000000000000 8.000000000000 1000000000.000000000000
256.000000000000 512.000000000000 8.000000000000 1000000000.000000000000
512.000000000000 512.000000000000 8.000000000000 1000000000.000000000000
1.000000000000 1.000000000000 16.000000000000 0.071303780000
2.000000000000 1.000000000000 16.000000000000 0.045505460000
4.000000000000 1.000000000000 16.000000000000 0.031552340000
8.000000000000 1.000000000000 16.000000000000 0.026228200000
16.000000000000 1.000000000000 16.000000000000 0.024814300000
32.000000000000 1.000000000000 16.000000000000 0.023256580000
64.000000000000 1.000000000000 16.000000000000 0.030373500000
128.000000000000 1.000000000000 16.000000000000 0.030020540000
256.000000000000 1.000000000000 16.000000000000 0.056482280000
512.000000000000 1.000000000000 16.000000000000 0.014592880000
1.000000000000 2.000000000000 16.000000000000 0.041120920000
2.000000000000 2.000000000000 16.000000000000 0.027841660000
4.000000000000 2.000000000000 16.000000000000 0.021511420000
8.000000000000 2.000000000000 16.000000000000 0.015800100000
16.000000000000 2.000000000000 16.000000000000 0.014973720000
32.000000000000 2.000000000000 16.000000000000 0.014470000000
64.000000000000 2.000000000000 16.000000000000 0.018530360000
128.000000000000 2.000000000000 16.000000000000 0.018707100000
256.000000000000 2.000000000000 16.000000000000 0.032991180000
512.000000000000 2.000000000000 16.000000000000 0.033703960000
1.000000000000 4.000000000000 16.000000000000 0.024746000000
2.000000000000 4.000000000000 16.000000000000 0.016296760000
4.000000000000 4.000000000000 16.000000000000 0.012684820000
8.000000000000 4.000000000000 16.000000000000 0.009879000000
16.000000000000 4.000000000000 16.000000000000 0.008891000000
32.000000000000 4.000000000000 16.000000000000 0.008287200000
64.000000000000 4.000000000000 16.000000000000 0.010680740000
128.000000000000 4.000000000000 16.000000000000 0.011124680000
256.000000000000 4.000000000000 16.000000000000 0.020358520000
512.000000000000 4.000000000000 16.000000000000 0.019494880000
1.000000000000 8.000000000000 16.000000000000 0.017117060000
2.000000000000 8.000000000000 16.000000000000 0.012503180000
4.000000000000 8.000000000000 16.000000000000 0.009577340000
8.000000000000 8.000000000000 16.000000000000 0.008217480000
16.000000000000 8.000000000000 16.000000000000 0.008027640000
32.000000000000 8.000000000000 16.000000000000 0.007204060000
64.000000000000 8.000000000000 16.000000000000 0.009547680000
128.000000000000 8.000000000000 16.000000000000 0.009006240000
256.000000000000 8.000000000000 16.000000000000 0.016379640000
512.000000000000 8.000000000000 16.000000000000 0.016811120000
1.000000000000 16.000000000000 16.000000000000 0.014649820000
2.000000000000 16.000000000000 16.000000000000 0.011263240000
4.000000000000 16.000000000000 16.000000000000 0.009134380000
8.000000000000 16.000000000000 16.000000000000 0.007517000000
16.000000000000 16.000000000000 16.000000000000 0.007907720000
32.000000000000 16.000000000000 16.000000000000 0.007245700000
64.000000000000 16.000000000000 16.000000000000 0.010120560000
128.000000000000 16.000000000000 16.000000000000 0.009456460000
256.000000000000 16.000000000000 16.000000000000 0.017887480000
512.000000000000 16.000000000000 16.000000000000 0.020635780000
1.000000000000 32.000000000000 16.000000000000 0.016467760000
2.000000000000 32.000000000000 16.000000000000 0.015590420000
4.000000000000 32.000000000000 16.000000000000 0.011832560000
8.000000000000 32.000000000000 16.000000000000 0.009659800000
16.000000000000 32.000000000000 16.000000000000 0.009690320000
32.000000000000 32.000000000000 16.000000000000 0.009440200000
64.000000000000 32.000000000000 16.000000000000 0.012531700000
128.000000000000 32.000000000000 16.000000000000 0.011589480000
256.000000000000 32.000000000000 16.000000000000 0.021971360000
512.000000000000 32.000000000000 16.000000000000 0.021601480000
1.000000000000 64.000000000000 16.000000000000 0.025388860000
2.000000000000 64.000000000000 16.000000000000 0.087405480000
4.000000000000 64.000000000000 16.000000000000 0.080854340000
8.000000000000 64.000000000000 16.000000000000 0.078839960000
16.000000000000 64.000000000000 16.000000000000 0.086330080000
32.000000000000 64.000000000000 16.000000000000 0.085881560000
64.000000000000 64.000000000000 16.000000000000 0.112701020000
128.000000000000 64.000000000000 16.000000000000 0.117616160000
256.000000000000 64.000000000000 16.000000000000 0.220296800000
512.000000000000 64.000000000000 16.000000000000 1000000000.000000000000
1.000000000000 128.000000000000 16.000000000000 1000000000.000000000000
2.000000000000 128.000000000000 16.000000000000 1000000000.000000000000
4.000000000000 128.000000000000 16.000000000000 1000000000.000000000000
8.000000000000 128.000000000000 16.000000000000 1000000000.000000000000
16.000000000000 128.000000000000 16.000000000000 1000000000.000000000000
32.000000000000 128.000000000000 16.000000000000 1000000000.000000000000
64.000000000000 128.000000000000 16.000000000000 1000000000.000000000000
128.000000000000 128.000000000000 16.000000000000 1000000000.000000000000
256.000000000000 128.000000000000 16.000000000000 1000000000.000000000000
512.000000000000 128.000000000000 16.000000000000 1000000000.000000000000
1.000000000000 256.000000000000 16.000000000000 1000000000.000000000000
2.000000000000 256.000000000000 16.000000000000 1000000000.000000000000
4.000000000000 256.000000000000 16.000000000000 1000000000.000000000000
8.000000000000 256.000000000000 16.000000000000 1000000000.000000000000
16.000000000000 256.000000000000 16.000000000000 1000000000.000000000000
32.000000000000 256.000000000000 16.000000000000 1000000000.000000000000
64.000000000000 256.000000000000 16.000000000000 1000000000.000000000000
128.000000000000 256.000000000000 16.000000000000 1000000000.000000000000
256.000000000000 256.000000000000 16.000000000000 1000000000.000000000000
512.000000000000 256.000000000000 16.000000000000 1000000000.000000000000
1.000000000000 512.000000000000 16.000000000000 1000000000.000000000000
2.000000000000 512.000000000000 16.000000000000 1000000000.000000000000
4.000000000000 512.000000000000 16.000000000000 1000000000.000000000000
8.000000000000 512.000000000000 16.000000000000 1000000000.000000000000
16.000000000000 512.000000000000 16.000000000000 1000000000.000000000000
32.000000000000 512.000000000000 16.000000000000 1000000000.000000000000
64.000000000000 512.000000000000 16.000000000000 1000000000.000000000000
128.000000000000 512.000000000000 16.000000000000 1000000000.000000000000
256.000000000000 512.000000000000 16.000000000000 1000000000.000000000000
512.000000000000 512.000000000000 16.000000000000 1000000000.000000000000
1.000000000000 1.000000000000 32.000000000000 0.074827020000
2.000000000000 1.000000000000 32.000000000000 0.048948580000
4.000000000000 1.000000000000 32.000000000000 0.042810720000
8.000000000000 1.000000000000 32.000000000000 0.037290300000
16.000000000000 1.000000000000 32.000000000000 0.036937500000
32.000000000000 1.000000000000 32.000000000000 0.031829760000
64.000000000000 1.000000000000 32.000000000000 0.041136160000
128.000000000000 1.000000000000 32.000000000000 0.037808380000
256.000000000000 1.000000000000 32.000000000000 0.070499160000
512.000000000000 1.000000000000 32.000000000000 0.020641240000
1.000000000000 2.000000000000 32.000000000000 0.041838320000
2.000000000000 2.000000000000 32.000000000000 0.029851660000
4.000000000000 2.000000000000 32.000000000000 0.024516860000
8.000000000000 2.000000000000 32.000000000000 0.021768280000
16.000000000000 2.000000000000 32.000000000000 0.021656280000
32.000000000000 2.000000000000 32.000000000000 0.017724940000
64.000000000000 2.000000000000 32.000000000000 0.022708380000
128.000000000000 2.000000000000 32.000000000000 0.021013200000
256.000000000000 2.000000000000 32.000000000000 0.036616900000
512.000000000000 2.000000000000 32.000000000000 0.048139840000
1.000000000000 4.000000000000 32.000000000000 0.024780220000
2.000000000000 4.000000000000 32.000000000000 0.016972500000
4.000000000000 4.000000000000 32.000000000000 0.014387060000
8.000000000000 4.000000000000 32.000000000000 0.012555860000
16.000000000000 4.000000000000 32.000000000000 0.012093940000
32.000000000000 4.000000000000 32.000000000000 0.010256380000
64.000000000000 4.000000000000 32.000000000000 0.013490400000
128.000000000000 4.000000000000 32.000000000000 0.013182520000
256.000000000000 4.000000000000 32.000000000000 0.022987140000
512.000000000000 4.000000000000 32.000000000000 0.026471720000
1.000000000000 8.000000000000 32.000000000000 0.017726800000
2.000000000000 8.000000000000 32.000000000000 0.012683500000
4.000000000000 8.000000000000 32.000000000000 0.009536060000
8.000000000000 8.000000000000 32.000000000000 0.007820040000
16.000000000000 8.000000000000 32.000000000000 0.007693540000
32.000000000000 8.000000000000 32.000000000000 0.007065480000
64.000000000000 8.000000000000 32.000000000000 0.008795920000
128.000000000000 8.000000000000 32.000000000000 0.008913540000
256.000000000000 8.000000000000 32.000000000000 0.015461560000
512.000000000000 8.000000000000 32.000000000000 0.018079280000
1.000000000000 16.000000000000 32.000000000000 0.014665260000
2.000000000000 16.000000000000 32.000000000000 0.010531400000
4.000000000000 16.000000000000 32.000000000000 0.008012120000
8.000000000000 16.000000000000 32.000000000000 0.006394800000
16.000000000000 16.000000000000 32.000000000000 0.006201480000
32.000000000000 16.000000000000 32.000000000000 0.005943060000
64.000000000000 16.000000000000 32.000000000000 0.007621620000
128.000000000000 16.000000000000 32.000000000000 0.006987500000
256.000000000000 16.000000000000 32.000000000000 0.012618780000
512.000000000000 16.000000000000 32.000000000000 0.014311040000
1.000000000000 32.000000000000 32.000000000000 0.016034060000
2.000000000000 32.000000000000 32.000000000000 0.013515340000
4.000000000000 32.000000000000 32.000000000000 0.010053060000
8.000000000000 32.000000000000 32.000000000000 0.008079640000
16.000000000000 32.000000000000 32.000000000000 0.007688000000
32.000000000000 32.000000000000 32.000000000000 0.007150100000
64.000000000000 32.000000000000 32.000000000000 0.009359980000
128.000000000000 32.000000000000 32.000000000000 0.009159900000
256.000000000000 32.000000000000 32.000000000000 0.016336080000
512.000000000000 32.000000000000 32.000000000000 0.015772300000
1.000000000000 64.000000000000 32.000000000000 1000000000.000000000000
2.000000000000 64.000000000000 32.000000000000 1000000000.000000000000
4.000000000000 64.000000000000 32.000000000000 1000000000.000000000000
8.000000000000 64.000000000000 32.000000000000 1000000000.000000000000
16.000000000000 64.000000000000 32.000000000000 1000000000.000000000000
32.000000000000 64.000000000000 32.000000000000 1000000000.000000000000
64.000000000000 64.000000000000 32.000000000000 1000000000.000000000000
128.000000000000 64.000000000000 32.000000000000 1000000000.000000000000
256.000000000000 64.000000000000 32.000000000000 1000000000.000000000000
512.000000000000 64.000000000000 32.000000000000 1000000000.000000000000
1.000000000000 128.000000000000 32.000000000000 1000000000.000000000000
2.000000000000 128.000000000000 32.000000000000 1000000000.000000000000
4.000000000000 128.000000000000 32.000000000000 1000000000.000000000000
8.000000000000 128.000000000000 32.000000000000 1000000000.000000000000
16.000000000000 128.000000000000 32.000000000000 1000000000.000000000000
32.000000000000 128.000000000000 32.000000000000 1000000000.000000000000
64.000000000000 128.000000000000 32.000000000000 1000000000.000000000000
128.000000000000 128.000000000000 32.000000000000 1000000000.000000000000
256.000000000000 128.000000000000 32.000000000000 1000000000.000000000000
512.000000000000 128.000000000000 32.000000000000 1000000000.000000000000
1.000000000000 256.000000000000 32.000000000000 1000000000.000000000000
2.000000000000 256.000000000000 32.000000000000 1000000000.000000000000
4.000000000000 256.000000000000 32.000000000000 1000000000.000000000000
8.000000000000 256.000000000000 32.000000000000 1000000000.000000000000
16.000000000000 256.000000000000 32.000000000000 1000000000.000000000000
32.000000000000 256.000000000000 32.000000000000 1000000000.000000000000
64.000000000000 256.000000000000 32.000000000000 1000000000.000000000000
128.000000000000 256.000000000000 32.000000000000 1000000000.000000000000
256.000000000000 256.000000000000 32.000000000000 1000000000.000000000000
512.000000000000 256.000000000000 32.000000000000 1000000000.000000000000
1.000000000000 512.000000000000 32.000000000000 1000000000.000000000000
2.000000000000 512.000000000000 32.000000000000 1000000000.000000000000
4.000000000000 512.000000000000 32.000000000000 1000000000.000000000000
8.000000000000 512.000000000000 32.000000000000 1000000000.000000000000
16.000000000000 512.000000000000 32.000000000000 1000000000.000000000000
32.000000000000 512.000000000000 32.000000000000 1000000000.000000000000
64.000000000000 512.000000000000 32.000000000000 1000000000.000000000000
128.000000000000 512.000000000000 32.000000000000 1000000000.000000000000
256.000000000000 512.000000000000 32.000000000000 1000000000.000000000000
512.000000000000 512.000000000000 32.000000000000 1000000000.000000000000
1.000000000000 1.000000000000 64.000000000000 0.073841920000
2.000000000000 1.000000000000 64.000000000000 0.057432620000
4.000000000000 1.000000000000 64.000000000000 0.045625380000
8.000000000000 1.000000000000 64.000000000000 0.037715440000
16.000000000000 1.000000000000 64.000000000000 0.036527000000
32.000000000000 1.000000000000 64.000000000000 0.034648140000
64.000000000000 1.000000000000 64.000000000000 0.042879040000
128.000000000000 1.000000000000 64.000000000000 0.042938920000
256.000000000000 1.000000000000 64.000000000000 0.083558320000
512.000000000000 1.000000000000 64.000000000000 0.030047440000
1.000000000000 2.000000000000 64.000000000000 0.041232120000
2.000000000000 2.000000000000 64.000000000000 0.031454660000
4.000000000000 2.000000000000 64.000000000000 0.025892880000
8.000000000000 2.000000000000 64.000000000000 0.021034180000
16.000000000000 2.000000000000 64.000000000000 0.020055420000
32.000000000000 2.000000000000 64.000000000000 0.019329060000
64.000000000000 2.000000000000 64.000000000000 0.025979280000
128.000000000000 2.000000000000 64.000000000000 0.025820060000
256.000000000000 2.000000000000 64.000000000000 0.044840700000
512.000000000000 2.000000000000 64.000000000000 0.057616580000
1.000000000000 4.000000000000 64.000000000000 0.024570980000
2.000000000000 4.000000000000 64.000000000000 0.018683440000
4.000000000000 4.000000000000 64.000000000000 0.014104460000
8.000000000000 4.000000000000 64.000000000000 0.012394820000
16.000000000000 4.000000000000 64.000000000000 0.011551460000
32.000000000000 4.000000000000 64.000000000000 0.011690500000
64.000000000000 4.000000000000 64.000000000000 0.014701340000
128.000000000000 4.000000000000 64.000000000000 0.014225600000
256.000000000000 4.000000000000 64.000000000000 0.025583680000
512.000000000000 4.000000000000 64.000000000000 0.030743080000
1.000000000000 8.000000000000 64.000000000000 0.016749420000
2.000000000000 8.000000000000 64.000000000000 0.013262460000
4.000000000000 8.000000000000 64.000000000000 0.010496300000
8.000000000000 8.000000000000 64.000000000000 0.008616880000
16.000000000000 8.000000000000 64.000000000000 0.008839660000
32.000000000000 8.000000000000 64.000000000000 0.008190420000
64.000000000000 8.000000000000 64.000000000000 0.010145200000
128.000000000000 8.000000000000 64.000000000000 0.010529040000
256.000000000000 8.000000000000 64.000000000000 0.017657200000
512.000000000000 8.000000000000 64.000000000000 0.021305240000
1.000000000000 16.000000000000 64.000000000000 0.013980680000
2.000000000000 16.000000000000 64.000000000000 0.010884060000
4.000000000000 16.000000000000 64.000000000000 0.008767760000
8.000000000000 16.000000000000 64.000000000000 0.007025360000
16.000000000000 16.000000000000 64.000000000000 0.007156120000
32.000000000000 16.000000000000 64.000000000000 0.006714160000
64.000000000000 16.000000000000 64.000000000000 0.008531760000
128.000000000000 16.000000000000 64.000000000000 0.008466880000
256.000000000000 16.000000000000 64.000000000000 0.014218100000
512.000000000000 16.000000000000 64.000000000000 0.018614480000
1.000000000000 32.000000000000 64.000000000000 1000000000.000000000000
2.000000000000 32.000000000000 64.000000000000 1000000000.000000000000
4.000000000000 32.000000000000 64.000000000000 1000000000.000000000000
8.000000000000 32.000000000000 64.000000000000 1000000000.000000000000
16.000000000000 32.000000000000 64.000000000000 1000000000.000000000000
32.000000000000 32.000000000000 64.000000000000 1000000000.000000000000
64.000000000000 32.000000000000 64.000000000000 1000000000.000000000000
128.000000000000 32.000000000000 64.000000000000 1000000000.000000000000
256.000000000000 32.000000000000 64.000000000000 1000000000.000000000000
512.000000000000 32.000000000000 64.000000000000 1000000000.000000000000
1.000000000000 64.000000000000 64.000000000000 1000000000.000000000000
2.000000000000 64.000000000000 64.000000000000 1000000000.000000000000
4.000000000000 64.000000000000 64.000000000000 1000000000.000000000000
8.000000000000 64.000000000000 64.000000000000 1000000000.000000000000
16.000000000000 64.000000000000 64.000000000000 1000000000.000000000000
32.000000000000 64.000000000000 64.000000000000 1000000000.000000000000
64.000000000000 64.000000000000 64.000000000000 1000000000.000000000000
128.000000000000 64.000000000000 64.000000000000 1000000000.000000000000
256.000000000000 64.000000000000 64.000000000000 1000000000.000000000000
512.000000000000 64.000000000000 64.000000000000 1000000000.000000000000
1.000000000000 128.000000000000 64.000000000000 1000000000.000000000000
2.000000000000 128.000000000000 64.000000000000 1000000000.000000000000
4.000000000000 128.000000000000 64.000000000000 1000000000.000000000000
8.000000000000 128.000000000000 64.000000000000 1000000000.000000000000
16.000000000000 128.000000000000 64.000000000000 1000000000.000000000000
32.000000000000 128.000000000000 64.000000000000 1000000000.000000000000
64.000000000000 128.000000000000 64.000000000000 1000000000.000000000000
128.000000000000 128.000000000000 64.000000000000 1000000000.000000000000
256.000000000000 128.000000000000 64.000000000000 1000000000.000000000000
512.000000000000 128.000000000000 64.000000000000 1000000000.000000000000
1.000000000000 256.000000000000 64.000000000000 1000000000.000000000000
2.000000000000 256.000000000000 64.000000000000 1000000000.000000000000
4.000000000000 256.000000000000 64.000000000000 1000000000.000000000000
8.000000000000 256.000000000000 64.000000000000 1000000000.000000000000
16.000000000000 256.000000000000 64.000000000000 1000000000.000000000000
32.000000000000 256.000000000000 64.000000000000 1000000000.000000000000
64.000000000000 256.000000000000 64.000000000000 1000000000.000000000000
128.000000000000 256.000000000000 64.000000000000 1000000000.000000000000
256.000000000000 256.000000000000 64.000000000000 1000000000.000000000000
512.000000000000 256.000000000000 64.000000000000 1000000000.000000000000
1.000000000000 512.000000000000 64.000000000000 1000000000.000000000000
2.000000000000 512.000000000000 64.000000000000 1000000000.000000000000
4.000000000000 512.000000000000 64.000000000000 1000000000.000000000000
8.000000000000 512.000000000000 64.000000000000 1000000000.000000000000
16.000000000000 512.000000000000 64.000000000000 1000000000.000000000000
32.000000000000 512.000000000000 64.000000000000 1000000000.000000000000
64.000000000000 512.000000000000 64.000000000000 1000000000.000000000000
128.000000000000 512.000000000000 64.000000000000 1000000000.000000000000
256.000000000000 512.000000000000 64.000000000000 1000000000.000000000000
512.000000000000 512.000000000000 64.000000000000 1000000000.000000000000
1.000000000000 1.000000000000 128.000000000000 0.071651720000
2.000000000000 1.000000000000 128.000000000000 0.074446300000
4.000000000000 1.000000000000 128.000000000000 0.069325580000
8.000000000000 1.000000000000 128.000000000000 0.065384520000
16.000000000000 1.000000000000 128.000000000000 0.071652680000
32.000000000000 1.000000000000 128.000000000000 0.066716180000
64.000000000000 1.000000000000 128.000000000000 0.079909760000
128.000000000000 1.000000000000 128.000000000000 0.080146220000
256.000000000000 1.000000000000 128.000000000000 0.132365220000
512.000000000000 1.000000000000 128.000000000000 0.047917660000
1.000000000000 2.000000000000 128.000000000000 0.040732660000
2.000000000000 2.000000000000 128.000000000000 0.039434960000
4.000000000000 2.000000000000 128.000000000000 0.036700420000
8.000000000000 2.000000000000 128.000000000000 0.034521160000
16.000000000000 2.000000000000 128.000000000000 0.036071820000
32.000000000000 2.000000000000 128.000000000000 0.035639840000
64.000000000000 2.000000000000 128.000000000000 0.043782180000
128.000000000000 2.000000000000 128.000000000000 0.041388680000
256.000000000000 2.000000000000 128.000000000000 0.073703920000
512.000000000000 2.000000000000 128.000000000000 0.098825980000
1.000000000000 4.000000000000 128.000000000000 0.025234460000
2.000000000000 4.000000000000 128.000000000000 0.023334480000
4.000000000000 4.000000000000 128.000000000000 0.020812500000
8.000000000000 4.000000000000 128.000000000000 0.019453800000
16.000000000000 4.000000000000 128.000000000000 0.019999240000
32.000000000000 4.000000000000 128.000000000000 0.020362920000
64.000000000000 4.000000000000 128.000000000000 0.023258040000
128.000000000000 4.000000000000 128.000000000000 0.024373340000
256.000000000000 4.000000000000 128.000000000000 0.035359440000
512.000000000000 4.000000000000 128.000000000000 0.048821560000
1.000000000000 8.000000000000 128.000000000000 0.017369180000
2.000000000000 8.000000000000 128.000000000000 0.013963280000
4.000000000000 8.000000000000 128.000000000000 0.013127000000
8.000000000000 8.000000000000 128.000000000000 0.011543160000
16.000000000000 8.000000000000 128.000000000000 0.012306720000
32.000000000000 8.000000000000 128.000000000000 0.012252300000
64.000000000000 8.000000000000 128.000000000000 0.014503900000
128.000000000000 8.000000000000 128.000000000000 0.014928880000
256.000000000000 8.000000000000 128.000000000000 0.023816280000
512.000000000000 8.000000000000 128.000000000000 0.026679460000
1.000000000000 16.000000000000 128.000000000000 1000000000.000000000000
2.000000000000 16.000000000000 128.000000000000 1000000000.000000000000
4.000000000000 16.000000000000 128.000000000000 1000000000.000000000000
8.000000000000 16.000000000000 128.000000000000 1000000000.000000000000
16.000000000000 16.000000000000 128.000000000000 1000000000.000000000000
32.000000000000 16.000000000000 128.000000000000 1000000000.000000000000
64.000000000000 16.000000000000 128.000000000000 1000000000.000000000000
128.000000000000 16.000000000000 128.000000000000 1000000000.000000000000
256.000000000000 16.000000000000 128.000000000000 1000000000.000000000000
512.000000000000 16.000000000000 128.000000000000 1000000000.000000000000
1.000000000000 32.000000000000 128.000000000000 1000000000.000000000000
2.000000000000 32.000000000000 128.000000000000 1000000000.000000000000
4.000000000000 32.000000000000 128.000000000000 1000000000.000000000000
8.000000000000 32.000000000000 128.000000000000 1000000000.000000000000
16.000000000000 32.000000000000 128.000000000000 1000000000.000000000000
32.000000000000 32.000000000000 128.000000000000 1000000000.000000000000
