256.000000000000 32.000000000000 2.000000000000 0.133430240000
16.000000000000 512.000000000000 32.000000000000 1000000000.000000000000
32.000000000000 512.000000000000 512.000000000000 1000000000.000000000000
1.000000000000 32.000000000000 64.000000000000 1000000000.000000000000
32.000000000000 32.000000000000 128.000000000000 1000000000.000000000000
128.000000000000 512.000000000000 32.000000000000 1000000000.000000000000
32.000000000000 2.000000000000 2.000000000000 0.021936360000
4.000000000000 2.000000000000 32.000000000000 0.025476880000
256.000000000000 2.000000000000 512.000000000000 0.076405180000
32.000000000000 16.000000000000 1.000000000000 0.052517340000
8.000000000000 2.000000000000 64.000000000000 0.021613120000
2.000000000000 4.000000000000 128.000000000000 0.023875000000
16.000000000000 128.000000000000 128.000000000000 1000000000.000000000000
256.000000000000 32.000000000000 8.000000000000 0.038127480000
32.000000000000 64.000000000000 2.000000000000 0.118110060000
512.000000000000 8.000000000000 16.000000000000 0.017820900000
128.000000000000 2.000000000000 512.000000000000 0.047344880000
2.000000000000 256.000000000000 256.000000000000 1000000000.000000000000
128.000000000000 256.000000000000 64.000000000000 1000000000.000000000000
128.000000000000 32.000000000000 64.000000000000 1000000000.000000000000
4.000000000000 8.000000000000 512.000000000000 1000000000.000000000000
32.000000000000 1.000000000000 16.000000000000 0.023885880000
4.000000000000 8.000000000000 1.000000000000 0.023237280000
2.000000000000 16.000000000000 512.000000000000 1000000000.000000000000
2.000000000000 1.000000000000 256.000000000000 0.082864640000
16.000000000000 128.000000000000 256.000000000000 1000000000.000000000000
4.000000000000 128.000000000000 128.000000000000 1000000000.000000000000
16.000000000000 1.000000000000 4.000000000000 0.010710800000
8.000000000000 512.000000000000 32.000000000000 1000000000.000000000000
16.000000000000 4.000000000000 256.000000000000 0.021376720000
2.000000000000 2.000000000000 64.000000000000 0.031923260000
1.000000000000 4.000000000000 1.000000000000 0.031361040000
4.000000000000 4.000000000000 4.000000000000 0.013709800000
512.000000000000 128.000000000000 1.000000000000 0.526618780000
1.000000000000 32.000000000000 128.000000000000 1000000000.000000000000
2.000000000000 4.000000000000 512.000000000000 1000000000.000000000000
128.000000000000 64.000000000000 64.000000000000 1000000000.000000000000
4.000000000000 1.000000000000 32.000000000000 0.045424580000
64.000000000000 512.000000000000 64.000000000000 1000000000.000000000000
256.000000000000 32.000000000000 1.000000000000 0.261818980000
4.000000000000 512.000000000000 8.000000000000 1000000000.000000000000
128.000000000000 16.000000000000 4.000000000000 0.023461860000
16.000000000000 32.000000000000 2.000000000000 0.048999740000
8.000000000000 128.000000000000 8.000000000000 0.122237640000
128.000000000000 8.000000000000 8.000000000000 0.009138460000
128.000000000000 512.000000000000 256.000000000000 1000000000.000000000000
32.000000000000 64.000000000000 4.000000000000 0.101617860000
4.000000000000 512.000000000000 256.000000000000 1000000000.000000000000
512.000000000000 128.000000000000 512.000000000000 1000000000.000000000000
16.000000000000 512.000000000000 8.000000000000 1000000000.000000000000
256.000000000000 1.000000000000 8.000000000000 0.014427040000
64.000000000000 256.000000000000 1.000000000000 0.222218640000
8.000000000000 32.000000000000 4.000000000000 0.023378780000
32.000000000000 512.000000000000 8.000000000000 1000000000.000000000000
2.000000000000 256.000000000000 8.000000000000 1000000000.000000000000
512.000000000000 512.000000000000 8.000000000000 1000000000.000000000000
16.000000000000 32.000000000000 8.000000000000 0.014690800000
128.000000000000 64.000000000000 32.000000000000 1000000000.000000000000
32.000000000000 4.000000000000 512.000000000000 1000000000.000000000000
128.000000000000 1.000000000000 256.000000000000 0.094107640000
32.000000000000 4.000000000000 128.000000000000 0.020458200000
32.000000000000 64.000000000000 1.000000000000 0.119809740000
8.000000000000 256.000000000000 8.000000000000 1000000000.000000000000
2.000000000000 64.000000000000 128.000000000000 1000000000.000000000000
8.000000000000 16.000000000000 64.000000000000 0.007136440000
1.000000000000 256.000000000000 32.000000000000 1000000000.000000000000
256.000000000000 512.000000000000 8.000000000000 1000000000.000000000000
4.000000000000 16.000000000000 128.000000000000 1000000000.000000000000
512.000000000000 512.000000000000 4.000000000000 1000000000.000000000000
16.000000000000 64.000000000000 32.000000000000 1000000000.000000000000
64.000000000000 2.000000000000 2.000000000000 0.027782160000
512.000000000000 8.000000000000 128.000000000000 0.030864240000
32.000000000000 256.000000000000 32.000000000000 1000000000.000000000000
64.000000000000 32.000000000000 128.000000000000 1000000000.000000000000
64.000000000000 512.000000000000 32.000000000000 1000000000.000000000000
16.000000000000 8.000000000000 2.000000000000 0.015385700000
2.000000000000 512.000000000000 32.000000000000 1000000000.000000000000
8.000000000000 8.000000000000 64.000000000000 0.008773620000
512.000000000000 32.000000000000 2.000000000000 0.161686520000
32.000000000000 2.000000000000 64.000000000000 0.020039760000
32.000000000000 2.000000000000 32.000000000000 0.018301680000
4.000000000000 2.000000000000 64.000000000000 0.025252680000
128.000000000000 128.000000000000 1.000000000000 0.233324980000
256.000000000000 16.000000000000 4.000000000000 0.041695880000
512.000000000000 16.000000000000 128.000000000000 1000000000.000000000000
4.000000000000 16.000000000000 32.000000000000 0.007982220000
512.000000000000 32.000000000000 512.000000000000 1000000000.000000000000
4.000000000000 16.000000000000 2.000000000000 0.028840760000
2.000000000000 32.000000000000 256.000000000000 1000000000.000000000000
8.000000000000 256.000000000000 64.000000000000 1000000000.000000000000
128.000000000000 2.000000000000 8.000000000000 0.017422120000
32.000000000000 2.000000000000 16.000000000000 0.014032860000
8.000000000000 2.000000000000 4.000000000000 0.018643000000
128.000000000000 512.000000000000 2.000000000000 1000000000.000000000000
2.000000000000 32.000000000000 64.000000000000 1000000000.000000000000
2.000000000000 32.000000000000 32.000000000000 0.012931460000
8.000000000000 128.000000000000 512.000000000000 1000000000.000000000000
8.000000000000 16.000000000000 16.000000000000 0.007760600000
1.000000000000 64.000000000000 512.000000000000 1000000000.000000000000
512.000000000000 16.000000000000 64.000000000000 0.018371760000
1.000000000000 256.000000000000 64.000000000000 1000000000.000000000000
64.000000000000 256.000000000000 32.000000000000 1000000000.000000000000
256.000000000000 1.000000000000 512.000000000000 0.155359520000
1.000000000000 16.000000000000 8.000000000000 0.014688040000
32.000000000000 256.000000000000 2.000000000000 0.150951460000
128.000000000000 4.000000000000 8.000000000000 0.010891540000
8.000000000000 4.000000000000 128.000000000000 0.020701000000
1.000000000000 16.000000000000 32.000000000000 0.014611520000
2.000000000000 64.000000000000 2.000000000000 0.102906720000
4.000000000000 128.000000000000 8.000000000000 0.130795740000
2.000000000000 64.000000000000 512.000000000000 1000000000.000000000000
16.000000000000 16.000000000000 256.000000000000 1000000000.000000000000
4.000000000000 64.000000000000 1.000000000000 0.104687480000
64.000000000000 8.000000000000 8.000000000000 0.009590840000
16.000000000000 8.000000000000 128.000000000000 0.012635360000
512.000000000000 2.000000000000 8.000000000000 0.026596580000
4.000000000000 32.000000000000 1.000000000000 0.088362260000
8.000000000000 64.000000000000 2.000000000000 0.101527240000
16.000000000000 2.000000000000 8.000000000000 0.015406140000
256.000000000000 8.000000000000 256.000000000000 1000000000.000000000000
32.000000000000 256.000000000000 512.000000000000 1000000000.000000000000
1.000000000000 1.000000000000 2.000000000000 0.076270580000
4.000000000000 16.000000000000 256.000000000000 1000000000.000000000000
512.000000000000 1.000000000000 512.000000000000 0.224950580000
64.000000000000 2.000000000000 1.000000000000 0.039841520000
256.000000000000 64.000000000000 4.000000000000 0.264198540000
512.000000000000 32.000000000000 8.000000000000 0.040396440000
2.000000000000 512.000000000000 8.000000000000 1000000000.000000000000
16.000000000000 4.000000000000 512.000000000000 1000000000.000000000000
64.000000000000 16.000000000000 2.000000000000 0.036519080000
256.000000000000 8.000000000000 4.000000000000 0.022624680000
512.000000000000 128.000000000000 32.000000000000 1000000000.000000000000
32.000000000000 128.000000000000 8.000000000000 0.130143140000
128.000000000000 16.000000000000 512.000000000000 1000000000.000000000000
256.000000000000 256.000000000000 2.000000000000 0.331592820000
512.000000000000 512.000000000000 1.000000000000 1000000000.000000000000
64.000000000000 128.000000000000 64.000000000000 1000000000.000000000000
64.000000000000 256.000000000000 64.000000000000 1000000000.000000000000
128.000000000000 4.000000000000 128.000000000000 0.024000580000
512.000000000000 4.000000000000 1.000000000000 0.059855380000
64.000000000000 128.000000000000 256.000000000000 1000000000.000000000000
2.000000000000 16.000000000000 256.000000000000 1000000000.000000000000
64.000000000000 16.000000000000 64.000000000000 0.008538960000
128.000000000000 16.000000000000 32.000000000000 0.007666320000
2.000000000000 128.000000000000 4.000000000000 0.146391920000
4.000000000000 2.000000000000 1.000000000000 0.033821020000
16.000000000000 4.000000000000 16.000000000000 0.008991220000
2.000000000000 64.000000000000 4.000000000000 0.092116300000
128.000000000000 2.000000000000 4.000000000000 0.019906640000
2.000000000000 16.000000000000 16.000000000000 0.011316940000
128.000000000000 1.000000000000 512.000000000000 0.093735620000
8.000000000000 8.000000000000 512.000000000000 1000000000.000000000000
64.000000000000 2.000000000000 256.000000000000 0.049413060000
16.000000000000 32.000000000000 32.000000000000 0.007384440000
8.000000000000 512.000000000000 64.000000000000 1000000000.000000000000
4.000000000000 1.000000000000 1.000000000000 0.043222660000
1.000000000000 4.000000000000 512.000000000000 1000000000.000000000000
128.000000000000 4.000000000000 16.000000000000 0.011173280000
256.000000000000 4.000000000000 64.000000000000 0.026607240000
64.000000000000 1.000000000000 2.000000000000 0.011551440000
4.000000000000 64.000000000000 8.000000000000 0.082507800000
512.000000000000 8.000000000000 8.000000000000 0.014656460000
8.000000000000 32.000000000000 2.000000000000 0.045390280000
32.000000000000 8.000000000000 64.000000000000 0.008203420000
128.000000000000 8.000000000000 128.000000000000 0.014292340000
64.000000000000 16.000000000000 128.000000000000 1000000000.000000000000
1.000000000000 1.000000000000 4.000000000000 0.076472520000
512.000000000000 64.000000000000 128.000000000000 1000000000.000000000000
1.000000000000 1.000000000000 32.000000000000 0.074243680000
64.000000000000 16.000000000000 1.000000000000 0.062210380000
16.000000000000 4.000000000000 2.000000000000 0.017716720000
32.000000000000 128.000000000000 256.000000000000 1000000000.000000000000
512.000000000000 64.000000000000 64.000000000000 1000000000.000000000000
64.000000000000 4.000000000000 4.000000000000 0.015446240000
512.000000000000 128.000000000000 4.000000000000 1000000000.000000000000
4.000000000000 256.000000000000 4.000000000000 0.139639900000
16.000000000000 256.000000000000 1.000000000000 0.181031400000
128.000000000000 4.000000000000 1.000000000000 0.034812400000
1.000000000000 128.000000000000 2.000000000000 0.046995980000
64.000000000000 2.000000000000 4.000000000000 0.021522460000
512.000000000000 2.000000000000 128.000000000000 0.102131400000
1.000000000000 32.000000000000 4.000000000000 0.019592860000
8.000000000000 1.000000000000 8.000000000000 0.012967180000
256.000000000000 64.000000000000 512.000000000000 1000000000.000000000000
16.000000000000 16.000000000000 64.000000000000 0.007265600000
16.000000000000 512.000000000000 2.000000000000 1000000000.000000000000
16.000000000000 16.000000000000 128.000000000000 1000000000.000000000000
256.000000000000 64.000000000000 2.000000000000 0.308137720000
128.000000000000 512.000000000000 16.000000000000 1000000000.000000000000
128.000000000000 32.000000000000 1.000000000000 0.154718540000
1.000000000000 64.000000000000 256.000000000000 1000000000.000000000000
512.000000000000 512.000000000000 64.000000000000 1000000000.000000000000
64.000000000000 4.000000000000 512.000000000000 1000000000.000000000000
32.000000000000 8.000000000000 32.000000000000 0.007019100000
512.000000000000 32.000000000000 32.000000000000 0.014652940000
2.000000000000 8.000000000000 8.000000000000 0.012419360000
32.000000000000 32.000000000000 2.000000000000 0.051613660000
512.000000000000 64.000000000000 8.000000000000 0.451528940000
256.000000000000 64.000000000000 8.000000000000 0.238980100000
32.000000000000 2.000000000000 1.000000000000 0.031689060000
2.000000000000 4.000000000000 64.000000000000 0.018038100000
8.000000000000 16.000000000000 512.000000000000 1000000000.000000000000
16.000000000000 16.000000000000 4.000000000000 0.017408160000
256.000000000000 64.000000000000 16.000000000000 0.224216340000
4.000000000000 32.000000000000 128.000000000000 1000000000.000000000000
32.000000000000 16.000000000000 128.000000000000 1000000000.000000000000
64.000000000000 512.000000000000 128.000000000000 1000000000.000000000000
2.000000000000 1.000000000000 8.000000000000 0.046885960000
512.000000000000 16.000000000000 2.000000000000 0.060740260000
8.000000000000 512.000000000000 2.000000000000 1000000000.000000000000
256.000000000000 16.000000000000 32.000000000000 0.014820760000
32.000000000000 256.000000000000 256.000000000000 1000000000.000000000000
2.000000000000 256.000000000000 32.000000000000 1000000000.000000000000
32.000000000000 4.000000000000 64.000000000000 0.011529400000
512.000000000000 64.000000000000 512.000000000000 1000000000.000000000000
512.000000000000 128.000000000000 16.000000000000 1000000000.000000000000
4.000000000000 32.000000000000 16.000000000000 0.011642680000
2.000000000000 8.000000000000 1.000000000000 0.027516360000
512.000000000000 64.000000000000 1.000000000000 0.333826280000
16.000000000000 256.000000000000 2.000000000000 0.153164160000
128.000000000000 4.000000000000 64.000000000000 0.014643100000
512.000000000000 32.000000000000 256.000000000000 1000000000.000000000000
2.000000000000 1.000000000000 2.000000000000 0.048400740000
1.000000000000 8.000000000000 1.000000000000 0.027150280000
16.000000000000 32.000000000000 4.000000000000 0.025636360000
32.000000000000 16.000000000000 2.000000000000 0.030211340000
32.000000000000 64.000000000000 32.000000000000 1000000000.000000000000
256.000000000000 8.000000000000 128.000000000000 0.023133020000
256.000000000000 32.000000000000 64.000000000000 1000000000.000000000000
16.000000000000 4.000000000000 64.000000000000 0.012068020000
4.000000000000 256.000000000000 2.000000000000 0.153277320000
4.000000000000 512.000000000000 16.000000000000 1000000000.000000000000
256.000000000000 32.000000000000 512.000000000000 1000000000.000000000000
128.000000000000 1.000000000000 16.000000000000 0.029014480000
512.000000000000 32.000000000000 1.000000000000 0.327627300000
256.000000000000 2.000000000000 32.000000000000 0.040075780000
256.000000000000 1.000000000000 128.000000000000 0.135385220000
32.000000000000 512.000000000000 32.000000000000 1000000000.000000000000
64.000000000000 32.000000000000 8.000000000000 0.019370860000
64.000000000000 8.000000000000 16.000000000000 0.009846220000
512.000000000000 4.000000000000 512.000000000000 1000000000.000000000000
8.000000000000 16.000000000000 2.000000000000 0.029443440000
256.000000000000 1.000000000000 4.000000000000 0.015309300000
2.000000000000 1.000000000000 1.000000000000 0.049745740000
256.000000000000 256.000000000000 512.000000000000 1000000000.000000000000
4.000000000000 1.000000000000 4.000000000000 0.034329600000
64.000000000000 64.000000000000 256.000000000000 1000000000.000000000000
4.000000000000 64.000000000000 128.000000000000 1000000000.000000000000
4.000000000000 16.000000000000 8.000000000000 0.011304240000
4.000000000000 512.000000000000 64.000000000000 1000000000.000000000000
128.000000000000 128.000000000000 32.000000000000 1000000000.000000000000
8.000000000000 32.000000000000 256.000000000000 1000000000.000000000000
128.000000000000 8.000000000000 4.000000000000 0.012702940000
32.000000000000 256.000000000000 1.000000000000 0.176483280000
64.000000000000 32.000000000000 16.000000000000 0.012286040000
256.000000000000 64.000000000000 64.000000000000 1000000000.000000000000
512.000000000000 64.000000000000 32.000000000000 1000000000.000000000000
8.000000000000 2.000000000000 8.000000000000 0.016801840000
1.000000000000 16.000000000000 256.000000000000 1000000000.000000000000
4.000000000000 512.000000000000 128.000000000000 1000000000.000000000000
256.000000000000 16.000000000000 64.000000000000 0.015575100000
512.000000000000 1.000000000000 256.000000000000 0.212055260000
128.000000000000 256.000000000000 32.000000000000 1000000000.000000000000
2.000000000000 64.000000000000 8.000000000000 0.087807860000
128.000000000000 2.000000000000 2.000000000000 0.027161840000
1.000000000000 2.000000000000 2.000000000000 0.043255400000
128.000000000000 512.000000000000 4.000000000000 1000000000.000000000000
512.000000000000 32.000000000000 128.000000000000 1000000000.000000000000
1.000000000000 32.000000000000 256.000000000000 1000000000.000000000000
4.000000000000 512.000000000000 4.000000000000 1000000000.000000000000
1.000000000000 64.000000000000 8.000000000000 0.025534600000
256.000000000000 512.000000000000 64.000000000000 1000000000.000000000000
2.000000000000 8.000000000000 4.000000000000 0.014573180000
64.000000000000 512.000000000000 512.000000000000 1000000000.000000000000
2.000000000000 8.000000000000 64.000000000000 0.013380080000
4.000000000000 512.000000000000 512.000000000000 1000000000.000000000000
1.000000000000 4.000000000000 128.000000000000 0.025939900000
64.000000000000 1.000000000000 32.000000000000 0.042633660000
16.000000000000 256.000000000000 4.000000000000 1000000000.000000000000
256.000000000000 512.000000000000 16.000000000000 1000000000.000000000000
32.000000000000 1.000000000000 64.000000000000 0.034760200000
8.000000000000 32.000000000000 8.000000000000 0.014281820000
128.000000000000 256.000000000000 8.000000000000 1000000000.000000000000
8.000000000000 32.000000000000 128.000000000000 1000000000.000000000000
16.000000000000 512.000000000000 512.000000000000 1000000000.000000000000
64.000000000000 1.000000000000 4.000000000000 0.011623860000
8.000000000000 128.000000000000 64.000000000000 1000000000.000000000000
256.000000000000 128.000000000000 8.000000000000 0.319782800000
8.000000000000 128.000000000000 256.000000000000 1000000000.000000000000
2.000000000000 512.000000000000 16.000000000000 1000000000.000000000000
256.000000000000 512.000000000000 256.000000000000 1000000000.000000000000
16.000000000000 128.000000000000 2.000000000000 0.150624360000
128.000000000000 64.000000000000 256.000000000000 1000000000.000000000000
512.000000000000 128.000000000000 128.000000000000 1000000000.000000000000
512.000000000000 256.000000000000 128.000000000000 1000000000.000000000000
8.000000000000 64.000000000000 512.000000000000 1000000000.000000000000
8.000000000000 512.000000000000 16.000000000000 1000000000.000000000000
8.000000000000 2.000000000000 256.000000000000 0.039923360000
16.000000000000 16.000000000000 16.000000000000 0.008237580000
256.000000000000 32.000000000000 16.000000000000 0.024082160000
8.000000000000 1.000000000000 64.000000000000 0.038400160000
16.000000000000 64.000000000000 1.000000000000 0.112886320000
128.000000000000 1.000000000000 64.000000000000 0.042963940000
16.000000000000 8.000000000000 64.000000000000 0.008845940000
128.000000000000 128.000000000000 64.000000000000 1000000000.000000000000
32.000000000000 16.000000000000 4.000000000000 0.017643120000
32.000000000000 2.000000000000 512.000000000000 0.041567220000
16.000000000000 1.000000000000 512.000000000000 0.082047900000
1.000000000000 128.000000000000 8.000000000000 0.045014700000
256.000000000000 2.000000000000 256.000000000000 0.073682080000
512.000000000000 1.000000000000 8.000000000000 0.012131240000
256.000000000000 512.000000000000 32.000000000000 1000000000.000000000000
512.000000000000 256.000000000000 32.000000000000 1000000000.000000000000
4.000000000000 128.000000000000 16.000000000000 1000000000.000000000000
1.000000000000 1.000000000000 1.000000000000 0.078953760000
32.000000000000 512.000000000000 128.000000000000 1000000000.000000000000
8.000000000000 2.000000000000 16.000000000000 0.016396160000
8.000000000000 128.000000000000 16.000000000000 1000000000.000000000000
2.000000000000 128.000000000000 64.000000000000 1000000000.000000000000
32.000000000000 16.000000000000 8.000000000000 0.010618720000
4.000000000000 4.000000000000 128.000000000000 0.021269460000
256.000000000000 4.000000000000 8.000000000000 0.023319940000
8.000000000000 32.000000000000 1.000000000000 0.086214160000
64.000000000000 8.000000000000 64.000000000000 0.010769140000
8.000000000000 16.000000000000 1.000000000000 0.045782700000
64.000000000000 128.000000000000 128.000000000000 1000000000.000000000000
16.000000000000 2.000000000000 256.000000000000 0.041832620000
256.000000000000 2.000000000000 64.000000000000 0.049756000000
4.000000000000 16.000000000000 64.000000000000 0.008808160000
64.000000000000 4.000000000000 32.000000000000 0.012738820000
128.000000000000 2.000000000000 32.000000000000 0.023502920000
8.000000000000 64.000000000000 4.000000000000 0.086473360000
128.000000000000 32.000000000000 512.000000000000 1000000000.000000000000
64.000000000000 2.000000000000 8.000000000000 0.017121340000
16.000000000000 4.000000000000 32.000000000000 0.011792520000
32.000000000000 512.000000000000 2.000000000000 1000000000.000000000000
64.000000000000 256.000000000000 256.000000000000 1000000000.000000000000
1.000000000000 128.000000000000 512.000000000000 1000000000.000000000000
256.000000000000 128.000000000000 128.000000000000 1000000000.000000000000
64.000000000000 2.000000000000 128.000000000000 0.045301940000
32.000000000000 8.000000000000 256.000000000000 1000000000.000000000000
1.000000000000 512.000000000000 256.000000000000 1000000000.000000000000
64.000000000000 128.000000000000 4.000000000000 0.172892140000
512.000000000000 256.000000000000 256.000000000000 1000000000.000000000000
8.000000000000 1.000000000000 16.000000000000 0.027299980000
32.000000000000 256.000000000000 8.000000000000 1000000000.000000000000
128.000000000000 4.000000000000 256.000000000000 0.024725320000
512.000000000000 2.000000000000 2.000000000000 0.036493580000
2.000000000000 1.000000000000 4.000000000000 0.048962640000
128.000000000000 32.000000000000 8.000000000000 0.020842000000
4.000000000000 128.000000000000 2.000000000000 0.147373740000
128.000000000000 4.000000000000 32.000000000000 0.013392340000
16.000000000000 2.000000000000 4.000000000000 0.017990660000
128.000000000000 256.000000000000 256.000000000000 1000000000.000000000000
4.000000000000 2.000000000000 2.000000000000 0.026516080000
8.000000000000 8.000000000000 8.000000000000 0.008136920000
4.000000000000 1.000000000000 16.000000000000 0.032640940000
256.000000000000 512.000000000000 128.000000000000 1000000000.000000000000
256.000000000000 8.000000000000 16.000000000000 0.018465740000
2.000000000000 1.000000000000 32.000000000000 0.049701960000
32.000000000000 512.000000000000 16.000000000000 1000000000.000000000000
8.000000000000 1.000000000000 128.000000000000 0.071362920000
64.000000000000 1.000000000000 64.000000000000 0.044182060000
16.000000000000 8.000000000000 32.000000000000 0.008000600000
256.000000000000 128.000000000000 4.000000000000 0.330098980000
512.000000000000 256.000000000000 64.000000000000 1000000000.000000000000
128.000000000000 64.000000000000 1.000000000000 0.175436920000
16.000000000000 64.000000000000 256.000000000000 1000000000.000000000000
1.000000000000 8.000000000000 8.000000000000 0.017766840000
32.000000000000 2.000000000000 128.000000000000 0.039779200000
512.000000000000 4.000000000000 256.000000000000 0.054895400000
128.000000000000 16.000000000000 64.000000000000 0.009112000000
8.000000000000 4.000000000000 8.000000000000 0.009892800000
4.000000000000 8.000000000000 16.000000000000 0.009809100000
128.000000000000 8.000000000000 512.000000000000 1000000000.000000000000
4.000000000000 2.000000000000 4.000000000000 0.022414100000
32.000000000000 1.000000000000 512.000000000000 0.079585700000
256.000000000000 1.000000000000 64.000000000000 0.086603220000
2.000000000000 128.000000000000 128.000000000000 1000000000.000000000000
128.000000000000 8.000000000000 1.000000000000 0.033765940000
8.000000000000 2.000000000000 512.000000000000 0.039214660000
16.000000000000 128.000000000000 4.000000000000 0.139668580000
32.000000000000 512.000000000000 4.000000000000 1000000000.000000000000
4.000000000000 64.000000000000 64.000000000000 1000000000.000000000000
32.000000000000 64.000000000000 128.000000000000 1000000000.000000000000
8.000000000000 8.000000000000 1.000000000000 0.026084740000
4.000000000000 512.000000000000 1.000000000000 1000000000.000000000000
64.000000000000 8.000000000000 1.000000000000 0.032399080000
128.000000000000 512.000000000000 512.000000000000 1000000000.000000000000
16.000000000000 512.000000000000 256.000000000000 1000000000.000000000000
128.000000000000 256.000000000000 1.000000000000 0.220623100000
64.000000000000 16.000000000000 32.000000000000 0.007620080000
2.000000000000 4.000000000000 8.000000000000 0.017550140000
16.000000000000 1.000000000000 1.000000000000 0.034109660000
8.000000000000 8.000000000000 16.000000000000 0.008053980000
256.000000000000 128.000000000000 256.000000000000 1000000000.000000000000
2.000000000000 4.000000000000 256.000000000000 0.023772000000
256.000000000000 4.000000000000 16.000000000000 0.021801740000
32.000000000000 4.000000000000 1.000000000000 0.026142540000
16.000000000000 512.000000000000 4.000000000000 1000000000.000000000000
64.000000000000 8.000000000000 256.000000000000 1000000000.000000000000
32.000000000000 128.000000000000 1.000000000000 0.184194840000
1.000000000000 256.000000000000 128.000000000000 1000000000.000000000000
128.000000000000 256.000000000000 128.000000000000 1000000000.000000000000
256.000000000000 128.000000000000 32.000000000000 1000000000.000000000000
1.000000000000 1.000000000000 16.000000000000 0.077673320000
8.000000000000 256.000000000000 512.000000000000 1000000000.000000000000
2.000000000000 64.000000000000 16.000000000000 0.086882360000
512.000000000000 128.000000000000 2.000000000000 0.552384120000
512.000000000000 512.000000000000 2.000000000000 1000000000.000000000000
2.000000000000 64.000000000000 1.000000000000 0.109315400000
1.000000000000 64.000000000000 128.000000000000 1000000000.000000000000
1.000000000000 2.000000000000 64.000000000000 0.042912200000
1.000000000000 128.000000000000 256.000000000000 1000000000.000000000000
64.000000000000 64.000000000000 2.000000000000 0.159633340000
512.000000000000 512.000000000000 32.000000000000 1000000000.000000000000
256.000000000000 256.000000000000 1.000000000000 0.375163600000
4.000000000000 8.000000000000 4.000000000000 0.012490920000
32.000000000000 8.000000000000 16.000000000000 0.007606140000
512.000000000000 512.000000000000 16.000000000000 1000000000.000000000000
128.000000000000 64.000000000000 4.000000000000 0.145806820000
4.000000000000 4.000000000000 64.000000000000 0.015355300000
1.000000000000 32.000000000000 32.000000000000 0.016109360000
1.000000000000 2.000000000000 4.000000000000 0.043199140000
32.000000000000 256.000000000000 128.000000000000 1000000000.000000000000
1.000000000000 256.000000000000 1.000000000000 0.088700220000
4.000000000000 16.000000000000 4.000000000000 0.018465680000
32.000000000000 16.000000000000 256.000000000000 1000000000.000000000000
512.000000000000 8.000000000000 32.000000000000 0.018400780000
512.000000000000 4.000000000000 2.000000000000 0.034858780000
32.000000000000 1.000000000000 2.000000000000 0.010491320000
16.000000000000 8.000000000000 4.000000000000 0.010418000000
64.000000000000 512.000000000000 1.000000000000 1000000000.000000000000
4.000000000000 4.000000000000 256.000000000000 0.022295160000
64.000000000000 2.000000000000 64.000000000000 0.026259480000
16.000000000000 16.000000000000 512.000000000000 1000000000.000000000000
4.000000000000 2.000000000000 8.000000000000 0.020700840000
16.000000000000 64.000000000000 16.000000000000 0.088255940000
32.000000000000 4.000000000000 16.000000000000 0.008744040000
128.000000000000 256.000000000000 2.000000000000 0.193886340000
4.000000000000 8.000000000000 256.000000000000 1000000000.000000000000
16.000000000000 16.000000000000 1.000000000000 0.056050280000
16.000000000000 1.000000000000 8.000000000000 0.010381040000
32.000000000000 256.000000000000 16.000000000000 1000000000.000000000000
128.000000000000 1.000000000000 4.000000000000 0.009777620000
64.000000000000 128.000000000000 1.000000000000 0.235706640000
256.000000000000 4.000000000000 2.000000000000 0.040849340000
256.000000000000 32.000000000000 128.000000000000 1000000000.000000000000
2.000000000000 8.000000000000 128.000000000000 0.014480780000
1.000000000000 16.000000000000 128.000000000000 1000000000.000000000000
1.000000000000 2.000000000000 512.000000000000 0.011904420000
32.000000000000 128.000000000000 32.000000000000 1000000000.000000000000
2.000000000000 512.000000000000 128.000000000000 1000000000.000000000000
1.000000000000 4.000000000000 256.000000000000 0.025959180000
64.000000000000 16.000000000000 16.000000000000 0.010368920000
64.000000000000 128.000000000000 16.000000000000 1000000000.000000000000
4.000000000000 128.000000000000 64.000000000000 1000000000.000000000000
2.000000000000 256.000000000000 2.000000000000 0.167973680000
512.000000000000 2.000000000000 1.000000000000 0.052176480000
2.000000000000 32.000000000000 4.000000000000 0.028763580000
4.000000000000 2.000000000000 256.000000000000 0.039976260000
512.000000000000 8.000000000000 1.000000000000 0.055617440000
256.000000000000 256.000000000000 256.000000000000 1000000000.000000000000
2.000000000000 16.000000000000 8.000000000000 0.013237060000
32.000000000000 64.000000000000 256.000000000000 1000000000.000000000000
2.000000000000 16.000000000000 2.000000000000 0.021524960000
1.000000000000 256.000000000000 512.000000000000 1000000000.000000000000
8.000000000000 1.000000000000 2.000000000000 0.029847080000
64.000000000000 16.000000000000 256.000000000000 1000000000.000000000000
512.000000000000 256.000000000000 512.000000000000 1000000000.000000000000
16.000000000000 4.000000000000 128.000000000000 0.020811580000
4.000000000000 4.000000000000 32.000000000000 0.014765940000
16.000000000000 128.000000000000 512.000000000000 1000000000.000000000000
1.000000000000 128.000000000000 4.000000000000 0.047406580000
8.000000000000 16.000000000000 8.000000000000 0.010478700000
1.000000000000 2.000000000000 128.000000000000 0.041419760000
8.000000000000 1.000000000000 256.000000000000 0.077151920000
1.000000000000 1.000000000000 256.000000000000 0.078365120000
512.000000000000 2.000000000000 4.000000000000 0.026651960000
8.000000000000 2.000000000000 128.000000000000 0.037407580000
16.000000000000 1.000000000000 128.000000000000 0.072130980000
128.000000000000 16.000000000000 1.000000000000 0.065961980000
2.000000000000 512.000000000000 512.000000000000 1000000000.000000000000
32.000000000000 32.000000000000 32.000000000000 0.007532220000
64.000000000000 8.000000000000 2.000000000000 0.019429280000
32.000000000000 32.000000000000 8.000000000000 0.014877580000
64.000000000000 4.000000000000 16.000000000000 0.011899340000
2.000000000000 2.000000000000 32.000000000000 0.030527460000
64.000000000000 512.000000000000 8.000000000000 1000000000.000000000000
4.000000000000 1.000000000000 64.000000000000 0.045566020000
1.000000000000 256.000000000000 16.000000000000 1000000000.000000000000
1.000000000000 16.000000000000 512.000000000000 1000000000.000000000000
4.000000000000 4.000000000000 2.000000000000 0.019049020000
1.000000000000 2.000000000000 32.000000000000 0.041780860000
128.000000000000 2.000000000000 128.000000000000 0.045047120000
256.000000000000 256.000000000000 64.000000000000 1000000000.000000000000
1.000000000000 4.000000000000 4.000000000000 0.026428620000
512.000000000000 4.000000000000 8.000000000000 0.016772980000
128.000000000000 8.000000000000 32.000000000000 0.008928400000
2.000000000000 8.000000000000 512.000000000000 1000000000.000000000000
8.000000000000 1.000000000000 4.000000000000 0.027836920000
4.000000000000 32.000000000000 64.000000000000 1000000000.000000000000
128.000000000000 32.000000000000 4.000000000000 0.039368480000
8.000000000000 4.000000000000 32.000000000000 0.012381420000
8.000000000000 512.000000000000 1.000000000000 1000000000.000000000000
2.000000000000 2.000000000000 1.000000000000 0.042798640000
1.000000000000 16.000000000000 1.000000000000 0.026771420000
2.000000000000 512.000000000000 4.000000000000 1000000000.000000000000
256.000000000000 2.000000000000 2.000000000000 0.049289660000
2.000000000000 4.000000000000 16.000000000000 0.016455640000
256.000000000000 128.000000000000 512.000000000000 1000000000.000000000000
512.000000000000 256.000000000000 4.000000000000 1000000000.000000000000
4.000000000000 2.000000000000 512.000000000000 0.040775240000
64.000000000000 16.000000000000 512.000000000000 1000000000.000000000000
16.000000000000 256.000000000000 256.000000000000 1000000000.000000000000
2.000000000000 64.000000000000 64.000000000000 1000000000.000000000000
512.000000000000 16.000000000000 256.000000000000 1000000000.000000000000
4.000000000000 2.000000000000 16.000000000000 0.022462240000
32.000000000000 2.000000000000 8.000000000000 0.013932500000
64.000000000000 128.000000000000 512.000000000000 1000000000.000000000000
16.000000000000 256.000000000000 128.000000000000 1000000000.000000000000
1.000000000000 512.000000000000 2.000000000000 1000000000.000000000000
512.000000000000 64.000000000000 16.000000000000 0.446420920000
256.000000000000 64.000000000000 128.000000000000 1000000000.000000000000
4.000000000000 256.000000000000 256.000000000000 1000000000.000000000000
512.000000000000 4.000000000000 32.000000000000 0.027282480000
4.000000000000 256.000000000000 8.000000000000 1000000000.000000000000
16.000000000000 64.000000000000 8.000000000000 0.092818120000
32.000000000000 64.000000000000 16.000000000000 0.087051520000
2.000000000000 16.000000000000 128.000000000000 1000000000.000000000000
1.000000000000 1.000000000000 512.000000000000 0.022684180000
128.000000000000 2.000000000000 64.000000000000 0.024341740000
128.000000000000 8.000000000000 2.000000000000 0.020592280000
256.000000000000 8.000000000000 2.000000000000 0.037106060000
1.000000000000 1.000000000000 128.000000000000 0.077860820000
128.000000000000 32.000000000000 32.000000000000 0.009862820000
32.000000000000 8.000000000000 1.000000000000 0.025861760000
512.000000000000 16.000000000000 8.000000000000 0.033187380000
64.000000000000 64.000000000000 4.000000000000 0.138604960000
2.000000000000 256.000000000000 128.000000000000 1000000000.000000000000
256.000000000000 4.000000000000 4.000000000000 0.027054140000
1.000000000000 32.000000000000 2.000000000000 0.024088480000
1.000000000000 256.000000000000 4.000000000000 1000000000.000000000000
128.000000000000 1.000000000000 1.000000000000 0.011086880000
512.000000000000 16.000000000000 32.000000000000 0.014768980000
8.000000000000 64.000000000000 8.000000000000 0.082415940000
512.000000000000 4.000000000000 64.000000000000 0.031186180000
512.000000000000 32.000000000000 16.000000000000 0.022150140000
8.000000000000 2.000000000000 32.000000000000 0.021437500000
8.000000000000 256.000000000000 256.000000000000 1000000000.000000000000
512.000000000000 128.000000000000 64.000000000000 1000000000.000000000000
32.000000000000 4.000000000000 256.000000000000 0.020806620000
512.000000000000 1.000000000000 64.000000000000 0.029623680000
64.000000000000 64.000000000000 128.000000000000 1000000000.000000000000
512.000000000000 8.000000000000 512.000000000000 1000000000.000000000000
2.000000000000 128.000000000000 16.000000000000 1000000000.000000000000
64.000000000000 4.000000000000 1.000000000000 0.034104740000
1.000000000000 32.000000000000 16.000000000000 0.016763700000
2.000000000000 256.000000000000 64.000000000000 1000000000.000000000000
16.000000000000 256.000000000000 16.000000000000 1000000000.000000000000
1.000000000000 4.000000000000 16.000000000000 0.026760300000
4.000000000000 32.000000000000 512.000000000000 1000000000.000000000000
512.000000000000 128.000000000000 8.000000000000 1000000000.000000000000
16.000000000000 2.000000000000 512.000000000000 0.041736540000
512.000000000000 32.000000000000 4.000000000000 0.082011520000
2.000000000000 16.000000000000 4.000000000000 0.015719820000
4.000000000000 64.000000000000 512.000000000000 1000000000.000000000000
32.000000000000 1.000000000000 128.000000000000 0.073069080000
512.000000000000 2.000000000000 256.000000000000 0.105164680000
2.000000000000 2.000000000000 2.000000000000 0.037264680000
8.000000000000 512.000000000000 8.000000000000 1000000000.000000000000
8.000000000000 128.000000000000 4.000000000000 0.128033860000
16.000000000000 32.000000000000 64.000000000000 1000000000.000000000000
4.000000000000 64.000000000000 4.000000000000 0.092888340000
4.000000000000 256.000000000000 32.000000000000 1000000000.000000000000
1.000000000000 256.000000000000 8.000000000000 1000000000.000000000000
128.000000000000 512.000000000000 8.000000000000 1000000000.000000000000
1.000000000000 8.000000000000 512.000000000000 1000000000.000000000000
8.000000000000 2.000000000000 1.000000000000 0.028477020000
128.000000000000 128.000000000000 8.000000000000 0.171180360000
16.000000000000 256.000000000000 32.000000000000 1000000000.000000000000
4.000000000000 8.000000000000 128.000000000000 0.013728380000
64.000000000000 64.000000000000 64.000000000000 1000000000.000000000000
512.000000000000 64.000000000000 2.000000000000 0.336940900000
8.000000000000 64.000000000000 1.000000000000 0.103394560000
256.000000000000 1.000000000000 256.000000000000 0.153460540000
128.000000000000 8.000000000000 64.000000000000 0.010441160000
32.000000000000 1.000000000000 8.000000000000 0.008684700000
1.000000000000 8.000000000000 64.000000000000 0.017404320000
4.000000000000 256.000000000000 64.000000000000 1000000000.000000000000
256.000000000000 8.000000000000 1.000000000000 0.062707140000
32.000000000000 64.000000000000 8.000000000000 0.093345040000
1.000000000000 32.000000000000 1.000000000000 0.032761380000
64.000000000000 32.000000000000 2.000000000000 0.071441140000
16.000000000000 512.000000000000 1.000000000000 1000000000.000000000000
128.000000000000 128.000000000000 256.000000000000 1000000000.000000000000
64.000000000000 512.000000000000 4.000000000000 1000000000.000000000000
64.000000000000 32.000000000000 4.000000000000 0.035926640000
512.000000000000 64.000000000000 256.000000000000 1000000000.000000000000
2.000000000000 16.000000000000 64.000000000000 0.011251640000
1.000000000000 512.000000000000 8.000000000000 1000000000.000000000000
8.000000000000 512.000000000000 128.000000000000 1000000000.000000000000
2.000000000000 512.000000000000 256.000000000000 1000000000.000000000000
8.000000000000 128.000000000000 32.000000000000 1000000000.000000000000
64.000000000000 128.000000000000 32.000000000000 1000000000.000000000000
2.000000000000 128.000000000000 512.000000000000 1000000000.000000000000
2.000000000000 8.000000000000 16.000000000000 0.012631540000
64.000000000000 64.000000000000 8.000000000000 0.122068240000
16.000000000000 64.000000000000 512.000000000000 1000000000.000000000000
128.000000000000 512.000000000000 64.000000000000 1000000000.000000000000
128.000000000000 16.000000000000 128.000000000000 1000000000.000000000000
2.000000000000 8.000000000000 32.000000000000 0.012623600000
1.000000000000 512.000000000000 32.000000000000 1000000000.000000000000
64.000000000000 128.000000000000 8.000000000000 0.165214500000
8.000000000000 16.000000000000 128.000000000000 1000000000.000000000000
32.000000000000 1.000000000000 4.000000000000 0.009427140000
2.000000000000 2.000000000000 256.000000000000 0.041993820000
256.000000000000 4.000000000000 256.000000000000 0.038198760000
128.000000000000 512.000000000000 1.000000000000 1000000000.000000000000
128.000000000000 4.000000000000 4.000000000000 0.014271700000
128.000000000000 16.000000000000 256.000000000000 1000000000.000000000000
32.000000000000 1.000000000000 1.000000000000 0.012030020000
16.000000000000 128.000000000000 1.000000000000 0.182437420000
512.000000000000 256.000000000000 1.000000000000 1000000000.000000000000
16.000000000000 32.000000000000 1.000000000000 0.096656580000
256.000000000000 1.000000000000 16.000000000000 0.057041840000
256.000000000000 8.000000000000 8.000000000000 0.017863500000
128.000000000000 8.000000000000 16.000000000000 0.010052280000
8.000000000000 128.000000000000 128.000000000000 1000000000.000000000000
4.000000000000 4.000000000000 1.000000000000 0.028071820000
1.000000000000 512.000000000000 1.000000000000 1000000000.000000000000
16.000000000000 128.000000000000 64.000000000000 1000000000.000000000000
16.000000000000 8.000000000000 16.000000000000 0.008058640000
64.000000000000 1.000000000000 8.000000000000 0.010559560000
8.000000000000 32.000000000000 16.000000000000 0.010038780000
8.000000000000 8.000000000000 256.000000000000 1000000000.000000000000
64.000000000000 64.000000000000 16.000000000000 0.115691160000
16.000000000000 1.000000000000 64.000000000000 0.037025880000
64.000000000000 16.000000000000 8.000000000000 0.013648660000
8.000000000000 8.000000000000 128.000000000000 0.012227600000
16.000000000000 64.000000000000 64.000000000000 1000000000.000000000000
64.000000000000 64.000000000000 32.000000000000 1000000000.000000000000
16.000000000000 128.000000000000 16.000000000000 1000000000.000000000000
2.000000000000 16.000000000000 32.000000000000 0.010872520000
16.000000000000 128.000000000000 32.000000000000 1000000000.000000000000
256.000000000000 64.000000000000 32.000000000000 1000000000.000000000000
64.000000000000 256.000000000000 512.000000000000 1000000000.000000000000
16.000000000000 1.000000000000 16.000000000000 0.025602020000
32.000000000000 16.000000000000 64.000000000000 0.007082220000
256.000000000000 256.000000000000 32.000000000000 1000000000.000000000000
2.000000000000 32.000000000000 16.000000000000 0.015680840000
8.000000000000 1.000000000000 512.000000000000 0.076645500000
256.000000000000 4.000000000000 512.000000000000 1000000000.000000000000
16.000000000000 1.000000000000 2.000000000000 0.028927300000
32.000000000000 256.000000000000 4.000000000000 1000000000.000000000000
16.000000000000 256.000000000000 8.000000000000 1000000000.000000000000
32.000000000000 4.000000000000 32.000000000000 0.010474940000
16.000000000000 1.000000000000 256.000000000000 0.081861180000
16.000000000000 128.000000000000 8.000000000000 0.133058080000
8.000000000000 256.000000000000 2.000000000000 0.143916460000
32.000000000000 512.000000000000 256.000000000000 1000000000.000000000000
8.000000000000 256.000000000000 128.000000000000 1000000000.000000000000
2.000000000000 2.000000000000 512.000000000000 0.042931580000
256.000000000000 4.000000000000 128.000000000000 0.039346640000
64.000000000000 4.000000000000 2.000000000000 0.021038820000
16.000000000000 32.000000000000 16.000000000000 0.009751760000
512.000000000000 2.000000000000 64.000000000000 0.058439320000
256.000000000000 4.000000000000 1.000000000000 0.063337520000
16.000000000000 64.000000000000 4.000000000000 0.099457140000
4.000000000000 32.000000000000 8.000000000000 0.016285280000
1.000000000000 2.000000000000 256.000000000000 0.042291080000
2.000000000000 256.000000000000 16.000000000000 1000000000.000000000000
2.000000000000 1.000000000000 512.000000000000 0.079060260000
64.000000000000 1.000000000000 128.000000000000 0.085180620000
8.000000000000 16.000000000000 256.000000000000 1000000000.000000000000
2.000000000000 256.000000000000 1.000000000000 0.200883220000
16.000000000000 1.000000000000 32.000000000000 0.037701480000
32.000000000000 16.000000000000 16.000000000000 0.008144280000
1.000000000000 32.000000000000 512.000000000000 1000000000.000000000000
2.000000000000 32.000000000000 128.000000000000 1000000000.000000000000
8.000000000000 8.000000000000 32.000000000000 0.007813920000
8.000000000000 4.000000000000 2.000000000000 0.019016520000
128.000000000000 2.000000000000 1.000000000000 0.041371800000
256.000000000000 512.000000000000 1.000000000000 1000000000.000000000000
32.000000000000 2.000000000000 256.000000000000 0.041421820000
256.000000000000 128.000000000000 2.000000000000 0.353138780000
256.000000000000 512.000000000000 4.000000000000 1000000000.000000000000
64.000000000000 32.000000000000 256.000000000000 1000000000.000000000000
32.000000000000 8.000000000000 128.000000000000 0.012152560000
8.000000000000 64.000000000000 256.000000000000 1000000000.000000000000
256.000000000000 16.000000000000 512.000000000000 1000000000.000000000000
2.000000000000 256.000000000000 4.000000000000 1000000000.000000000000
32.000000000000 8.000000000000 4.000000000000 0.010288160000
8.000000000000 64.000000000000 64.000000000000 1000000000.000000000000
1.000000000000 64.000000000000 16.000000000000 0.024274400000
128.000000000000 32.000000000000 128.000000000000 1000000000.000000000000
256.000000000000 8.000000000000 32.000000000000 0.016895700000
32.000000000000 16.000000000000 512.000000000000 1000000000.000000000000
64.000000000000 4.000000000000 8.000000000000 0.011179720000
2.000000000000 4.000000000000 4.000000000000 0.020256500000
512.000000000000 512.000000000000 256.000000000000 1000000000.000000000000
64.000000000000 128.000000000000 2.000000000000 0.190817580000
16.000000000000 256.000000000000 64.000000000000 1000000000.000000000000
1.000000000000 2.000000000000 8.000000000000 0.042595660000
1.000000000000 8.000000000000 32.000000000000 0.017546660000
128.000000000000 128.000000000000 4.000000000000 0.177882000000
4.000000000000 64.000000000000 2.000000000000 0.102277660000
16.000000000000 64.000000000000 128.000000000000 1000000000.000000000000
2.000000000000 4.000000000000 1.000000000000 0.033475880000
32.000000000000 4.000000000000 2.000000000000 0.016515480000
2.000000000000 8.000000000000 256.000000000000 1000000000.000000000000
64.000000000000 1.000000000000 1.000000000000 0.014132360000
1.000000000000 1.000000000000 64.000000000000 0.075840120000
4.000000000000 64.000000000000 32.000000000000 1000000000.000000000000
16.000000000000 8.000000000000 512.000000000000 1000000000.000000000000
1.000000000000 512.000000000000 128.000000000000 1000000000.000000000000
2.000000000000 128.000000000000 256.000000000000 1000000000.000000000000
512.000000000000 256.000000000000 2.000000000000 1000000000.000000000000
2.000000000000 128.000000000000 1.000000000000 0.190972320000
4.000000000000 128.000000000000 256.000000000000 1000000000.000000000000
512.000000000000 8.000000000000 256.000000000000 1000000000.000000000000
1.000000000000 4.000000000000 2.000000000000 0.027765180000
256.000000000000 16.000000000000 256.000000000000 1000000000.000000000000
1.000000000000 8.000000000000 2.000000000000 0.020548900000
16.000000000000 32.000000000000 512.000000000000 1000000000.000000000000
32.000000000000 2.000000000000 4.000000000000 0.017487520000
16.000000000000 512.000000000000 64.000000000000 1000000000.000000000000
128.000000000000 512.000000000000 128.000000000000 1000000000.000000000000
32.000000000000 8.000000000000 2.000000000000 0.015908200000
128.000000000000 2.000000000000 256.000000000000 0.048200720000
256.000000000000 16.000000000000 8.000000000000 0.025825480000
64.000000000000 32.000000000000 64.000000000000 1000000000.000000000000
1.000000000000 128.000000000000 64.000000000000 1000000000.000000000000
128.000000000000 128.000000000000 128.000000000000 1000000000.000000000000
1.000000000000 128.000000000000 16.000000000000 1000000000.000000000000
256.000000000000 2.000000000000 16.000000000000 0.038416920000
256.000000000000 2.000000000000 1.000000000000 0.075490040000
4.000000000000 512.000000000000 2.000000000000 1000000000.000000000000
512.000000000000 8.000000000000 64.000000000000 0.021912400000
128.000000000000 16.000000000000 8.000000000000 0.014581560000
1.000000000000 128.000000000000 128.000000000000 1000000000.000000000000
2.000000000000 512.000000000000 1.000000000000 1000000000.000000000000
1.000000000000 512.000000000000 16.000000000000 1000000000.000000000000
64.000000000000 64.000000000000 512.000000000000 1000000000.000000000000
512.000000000000 8.000000000000 4.000000000000 0.018905140000
1.000000000000 16.000000000000 2.000000000000 0.019644980000
512.000000000000 1.000000000000 32.000000000000 0.021623720000
2.000000000000 2.000000000000 4.000000000000 0.031290680000
128.000000000000 32.000000000000 2.000000000000 0.077076960000
2.000000000000 2.000000000000 128.000000000000 0.042377760000
16.000000000000 32.000000000000 128.000000000000 1000000000.000000000000
4.000000000000 128.000000000000 4.000000000000 0.134255260000
256.000000000000 1.000000000000 32.000000000000 0.072132500000
32.000000000000 128.000000000000 4.000000000000 0.136396520000
16.000000000000 2.000000000000 32.000000000000 0.021503200000
16.000000000000 4.000000000000 1.000000000000 0.027402540000
2.000000000000 32.000000000000 512.000000000000 1000000000.000000000000
8.000000000000 512.000000000000 512.000000000000 1000000000.000000000000
256.000000000000 512.000000000000 512.000000000000 1000000000.000000000000
2.000000000000 64.000000000000 32.000000000000 1000000000.000000000000
1.000000000000 8.000000000000 128.000000000000 0.017589140000
8.000000000000 256.000000000000 32.000000000000 1000000000.000000000000
8.000000000000 2.000000000000 2.000000000000 0.022560500000
2.000000000000 128.000000000000 32.000000000000 1000000000.000000000000
32.000000000000 128.000000000000 2.000000000000 0.147746040000
1.000000000000 2.000000000000 1.000000000000 0.043382600000
8.000000000000 256.000000000000 4.000000000000 1000000000.000000000000
2.000000000000 64.000000000000 256.000000000000 1000000000.000000000000
64.000000000000 4.000000000000 64.000000000000 0.014368200000
4.000000000000 256.000000000000 16.000000000000 1000000000.000000000000
64.000000000000 2.000000000000 512.000000000000 0.050181420000
128.000000000000 8.000000000000 256.000000000000 1000000000.000000000000
4.000000000000 4.000000000000 8.000000000000 0.013319440000
64.000000000000 256.000000000000 2.000000000000 0.187428380000
256.000000000000 4.000000000000 32.000000000000 0.022619940000
128.000000000000 256.000000000000 512.000000000000 1000000000.000000000000
4.000000000000 256.000000000000 512.000000000000 1000000000.000000000000
32.000000000000 128.000000000000 128.000000000000 1000000000.000000000000
64.000000000000 16.000000000000 4.000000000000 0.022261780000
512.000000000000 4.000000000000 128.000000000000 0.053809600000
16.000000000000 2.000000000000 1.000000000000 0.035017500000
32.000000000000 4.000000000000 8.000000000000 0.009420760000
8.000000000000 4.000000000000 256.000000000000 0.021232360000
4.000000000000 4.000000000000 512.000000000000 1000000000.000000000000
256.000000000000 32.000000000000 4.000000000000 0.068227360000
1.000000000000 128.000000000000 1.000000000000 0.077725500000
256.000000000000 16.000000000000 128.000000000000 1000000000.000000000000
256.000000000000 1.000000000000 1.000000000000 0.017580240000
8.000000000000 64.000000000000 128.000000000000 1000000000.000000000000
64.000000000000 2.000000000000 16.000000000000 0.019533020000
4.000000000000 16.000000000000 1.000000000000 0.048465740000
8.000000000000 4.000000000000 16.000000000000 0.009772380000
32.000000000000 1.000000000000 32.000000000000 0.035382900000
4.000000000000 1.000000000000 2.000000000000 0.036936440000
512.000000000000 512.000000000000 512.000000000000 1000000000.000000000000
64.000000000000 64.000000000000 1.000000000000 0.166147880000
32.000000000000 32.000000000000 16.000000000000 0.009121080000
4.000000000000 1.000000000000 512.000000000000 0.078138720000
128.000000000000 1.000000000000 32.000000000000 0.040154220000
4.000000000000 1.000000000000 128.000000000000 0.075856920000
8.000000000000 32.000000000000 64.000000000000 1000000000.000000000000
8.000000000000 4.000000000000 512.000000000000 1000000000.000000000000
8.000000000000 16.000000000000 32.000000000000 0.006510340000
64.000000000000 512.000000000000 2.000000000000 1000000000.000000000000
2.000000000000 4.000000000000 2.000000000000 0.023983340000
256.000000000000 256.000000000000 16.000000000000 1000000000.000000000000
256.000000000000 64.000000000000 256.000000000000 1000000000.000000000000
16.000000000000 8.000000000000 8.000000000000 0.008132200000
4.000000000000 1.000000000000 256.000000000000 0.077265580000
64.000000000000 8.000000000000 4.000000000000 0.012668240000
8.000000000000 128.000000000000 1.000000000000 0.167565100000
1.000000000000 4.000000000000 8.000000000000 0.025400340000
64.000000000000 8.000000000000 128.000000000000 0.015215440000
128.000000000000 256.000000000000 4.000000000000 0.168712580000
2.000000000000 1.000000000000 64.000000000000 0.059846880000
1.000000000000 16.000000000000 64.000000000000 0.015352060000
128.000000000000 2.000000000000 16.000000000000 0.018047980000
64.000000000000 256.000000000000 16.000000000000 1000000000.000000000000
2.000000000000 2.000000000000 16.000000000000 0.027685420000
64.000000000000 1.000000000000 512.000000000000 0.095579160000
256.000000000000 256.000000000000 128.000000000000 1000000000.000000000000
64.000000000000 32.000000000000 1.000000000000 0.134412940000
128.000000000000 64.000000000000 2.000000000000 0.172673140000
128.000000000000 16.000000000000 16.000000000000 0.009963340000
2.000000000000 128.000000000000 2.000000000000 0.161505780000
32.000000000000 512.000000000000 64.000000000000 1000000000.000000000000
8.000000000000 512.000000000000 256.000000000000 1000000000.000000000000
16.000000000000 2.000000000000 2.000000000000 0.024939720000
512.000000000000 256.000000000000 8.000000000000 1000000000.000000000000
8.000000000000 16.000000000000 4.000000000000 0.016344840000
4.000000000000 8.000000000000 2.000000000000 0.015306900000
64.000000000000 4.000000000000 128.000000000000 0.025198260000
32.000000000000 32.000000000000 4.000000000000 0.026238500000
8.000000000000 4.000000000000 4.000000000000 0.013041820000
4.000000000000 64.000000000000 256.000000000000 1000000000.000000000000
16.000000000000 4.000000000000 4.000000000000 0.012649380000
4.000000000000 1.000000000000 8.000000000000 0.034984220000
4.000000000000 16.000000000000 16.000000000000 0.009463620000
256.000000000000 128.000000000000 16.000000000000 1000000000.000000000000
16.000000000000 256.000000000000 512.000000000000 1000000000.000000000000
64.000000000000 2.000000000000 32.000000000000 0.024489460000
1.000000000000 8.000000000000 256.000000000000 1000000000.000000000000
1.000000000000 32.000000000000 8.000000000000 0.018466060000
128.000000000000 1.000000000000 8.000000000000 0.008831560000
4.000000000000 2.000000000000 128.000000000000 0.039302200000
2.000000000000 1.000000000000 16.000000000000 0.047726420000
4.000000000000 8.000000000000 32.000000000000 0.009508700000
16.000000000000 2.000000000000 128.000000000000 0.037212580000
32.000000000000 8.000000000000 512.000000000000 1000000000.000000000000
16.000000000000 2.000000000000 64.000000000000 0.020431400000
64.000000000000 1.000000000000 256.000000000000 0.094353520000
16.000000000000 16.000000000000 8.000000000000 0.011094880000
512.000000000000 1.000000000000 4.000000000000 0.012566260000
32.000000000000 128.000000000000 512.000000000000 1000000000.000000000000
8.000000000000 8.000000000000 4.000000000000 0.010894580000
1.000000000000 512.000000000000 64.000000000000 1000000000.000000000000
256.000000000000 512.000000000000 2.000000000000 1000000000.000000000000
16.000000000000 8.000000000000 256.000000000000 1000000000.000000000000
512.000000000000 2.000000000000 32.000000000000 0.049095820000
16.000000000000 2.000000000000 16.000000000000 0.015287660000
128.000000000000 32.000000000000 16.000000000000 0.012303000000
512.000000000000 1.000000000000 2.000000000000 0.015191440000
4.000000000000 32.000000000000 4.000000000000 0.024972740000
32.000000000000 256.000000000000 64.000000000000 1000000000.000000000000
1.000000000000 128.000000000000 32.000000000000 1000000000.000000000000
32.000000000000 32.000000000000 1.000000000000 0.103645180000
4.000000000000 256.000000000000 1.000000000000 0.188069100000
4.000000000000 4.000000000000 16.000000000000 0.013078480000
1.000000000000 512.000000000000 512.000000000000 1000000000.000000000000
4.000000000000 32.000000000000 2.000000000000 0.046508060000
128.000000000000 128.000000000000 16.000000000000 1000000000.000000000000
512.000000000000 32.000000000000 64.000000000000 1000000000.000000000000
1.000000000000 64.000000000000 2.000000000000 0.030350740000
256.000000000000 8.000000000000 64.000000000000 0.018652580000
256.000000000000 64.000000000000 1.000000000000 0.309662840000
1.000000000000 16.000000000000 4.000000000000 0.017317480000
8.000000000000 64.000000000000 16.000000000000 0.080711720000
1.000000000000 4.000000000000 32.000000000000 0.025697080000
16.000000000000 16.000000000000 2.000000000000 0.031436280000
256.000000000000 32.000000000000 32.000000000000 0.018047680000
128.000000000000 128.000000000000 2.000000000000 0.195076300000
256.000000000000 8.000000000000 512.000000000000 1000000000.000000000000
1.000000000000 64.000000000000 32.000000000000 1000000000.000000000000
1.000000000000 8.000000000000 16.000000000000 0.017208260000
64.000000000000 256.000000000000 8.000000000000 1000000000.000000000000
2.000000000000 1.000000000000 128.000000000000 0.080534880000
32.000000000000 32.000000000000 512.000000000000 1000000000.000000000000
4.000000000000 128.000000000000 512.000000000000 1000000000.000000000000
512.000000000000 8.000000000000 2.000000000000 0.030507340000
32.000000000000 128.000000000000 64.000000000000 1000000000.000000000000
256.000000000000 16.000000000000 1.000000000000 0.111902880000
32.000000000000 64.000000000000 64.000000000000 1000000000.000000000000
64.000000000000 512.000000000000 16.000000000000 1000000000.000000000000
64.000000000000 8.000000000000 512.000000000000 1000000000.000000000000
128.000000000000 1.000000000000 128.000000000000 0.085787180000
128.000000000000 64.000000000000 512.000000000000 1000000000.000000000000
4.000000000000 8.000000000000 64.000000000000 0.010207840000
16.000000000000 16.000000000000 32.000000000000 0.006533780000
512.000000000000 512.000000000000 128.000000000000 1000000000.000000000000
64.000000000000 1.000000000000 16.000000000000 0.032015720000
512.000000000000 16.000000000000 4.000000000000 0.046569360000
4.000000000000 256.000000000000 128.000000000000 1000000000.000000000000
512.000000000000 4.000000000000 16.000000000000 0.020407380000
1.000000000000 256.000000000000 2.000000000000 0.063932760000
128.000000000000 4.000000000000 512.000000000000 1000000000.000000000000
256.000000000000 2.000000000000 128.000000000000 0.077647120000
64.000000000000 32.000000000000 32.000000000000 0.009113700000
8.000000000000 32.000000000000 512.000000000000 1000000000.000000000000
256.000000000000 16.000000000000 2.000000000000 0.073981980000
16.000000000000 32.000000000000 256.000000000000 1000000000.000000000000
4.000000000000 128.000000000000 32.000000000000 1000000000.000000000000
128.000000000000 64.000000000000 8.000000000000 0.128591880000
256.000000000000 2.000000000000 8.000000000000 0.034525740000
4.000000000000 512.000000000000 32.000000000000 1000000000.000000000000
8.000000000000 256.000000000000 16.000000000000 1000000000.000000000000
8.000000000000 512.000000000000 4.000000000000 1000000000.000000000000
128.000000000000 64.000000000000 128.000000000000 1000000000.000000000000
64.000000000000 4.000000000000 256.000000000000 0.027026780000
8.000000000000 32.000000000000 32.000000000000 0.008141520000
2.000000000000 512.000000000000 64.000000000000 1000000000.000000000000
1.000000000000 64.000000000000 4.000000000000 0.028350940000
8.000000000000 4.000000000000 64.000000000000 0.012351680000
512.000000000000 64.000000000000 4.000000000000 0.418080340000
512.000000000000 1.000000000000 128.000000000000 0.046255660000
16.000000000000 8.000000000000 1.000000000000 0.026568500000
256.000000000000 128.000000000000 64.000000000000 1000000000.000000000000
2.000000000000 32.000000000000 1.000000000000 0.092474040000
1.000000000000 64.000000000000 64.000000000000 1000000000.000000000000
128.000000000000 128.000000000000 512.000000000000 1000000000.000000000000
8.000000000000 256.000000000000 1.000000000000 0.174082460000
32.000000000000 16.000000000000 32.000000000000 0.006001900000
512.000000000000 16.000000000000 1.000000000000 0.082946720000
1.000000000000 256.000000000000 256.000000000000 1000000000.000000000000
32.000000000000 32.000000000000 256.000000000000 1000000000.000000000000
8.000000000000 128.000000000000 2.000000000000 0.144892880000
128.000000000000 1.000000000000 2.000000000000 0.011752540000
16.000000000000 64.000000000000 2.000000000000 0.114397380000
64.000000000000 32.000000000000 512.000000000000 1000000000.000000000000
32.000000000000 8.000000000000 8.000000000000 0.007628260000
128.000000000000 256.000000000000 16.000000000000 1000000000.000000000000
64.000000000000 512.000000000000 256.000000000000 1000000000.000000000000
32.000000000000 512.000000000000 1.000000000000 1000000000.000000000000
512.000000000000 256.000000000000 16.000000000000 1000000000.000000000000
64.000000000000 8.000000000000 32.000000000000 0.009271740000
64.000000000000 256.000000000000 128.000000000000 1000000000.000000000000
2.000000000000 32.000000000000 2.000000000000 0.047885960000
1.000000000000 2.000000000000 16.000000000000 0.044419320000
1.000000000000 8.000000000000 4.000000000000 0.019517900000
4.000000000000 128.000000000000 1.000000000000 0.183172340000
128.000000000000 64.000000000000 16.000000000000 0.120600360000
16.000000000000 512.000000000000 128.000000000000 1000000000.000000000000
256.000000000000 256.000000000000 4.000000000000 0.314037960000
512.000000000000 16.000000000000 16.000000000000 0.021128360000
2.000000000000 128.000000000000 8.000000000000 0.144345920000
4.000000000000 8.000000000000 8.000000000000 0.010298600000
2.000000000000 4.000000000000 32.000000000000 0.017686480000
1.000000000000 16.000000000000 16.000000000000 0.014938740000
512.000000000000 1.000000000000 1.000000000000 0.015560360000
2.000000000000 16.000000000000 1.000000000000 0.038989660000
4.000000000000 64.000000000000 16.000000000000 0.083559140000
256.000000000000 16.000000000000 16.000000000000 0.018722320000
2.000000000000 256.000000000000 512.000000000000 1000000000.000000000000
1.000000000000 4.000000000000 64.000000000000 0.026811020000
4.000000000000 32.000000000000 256.000000000000 1000000000.000000000000
32.000000000000 32.000000000000 64.000000000000 1000000000.000000000000
512.000000000000 128.000000000000 256.000000000000 1000000000.000000000000
2.000000000000 512.000000000000 2.000000000000 1000000000.000000000000
2.000000000000 32.000000000000 8.000000000000 0.020118020000
4.000000000000 32.000000000000 32.000000000000 0.009932080000
256.000000000000 256.000000000000 8.000000000000 1000000000.000000000000
2.000000000000 2.000000000000 8.000000000000 0.033766220000
512.000000000000 4.000000000000 4.000000000000 0.022077180000
1.000000000000 64.000000000000 1.000000000000 0.041654960000
8.000000000000 1.000000000000 1.000000000000 0.035950120000
512.000000000000 2.000000000000 512.000000000000 0.118480820000
32.000000000000 4.000000000000 4.000000000000 0.011889980000
128.000000000000 4.000000000000 2.000000000000 0.022654180000
128.000000000000 32.000000000000 256.000000000000 1000000000.000000000000
8.000000000000 1.000000000000 32.000000000000 0.039808860000
2.000000000000 8.000000000000 2.000000000000 0.018750760000
8.000000000000 64.000000000000 32.000000000000 1000000000.000000000000
256.000000000000 1.000000000000 2.000000000000 0.017886940000
8.000000000000 4.000000000000 1.000000000000 0.024815300000
32.000000000000 64.000000000000 512.000000000000 1000000000.000000000000
256.000000000000 2.000000000000 4.000000000000 0.039048140000
1.000000000000 512.000000000000 4.000000000000 1000000000.000000000000
512.000000000000 16.000000000000 512.000000000000 1000000000.000000000000
64.000000000000 256.000000000000 4.000000000000 0.168621000000
32.000000000000 1.000000000000 256.000000000000 0.080364920000
128.000000000000 16.000000000000 2.000000000000 0.041961080000
1.000000000000 1.000000000000 8.000000000000 0.080115680000
16.000000000000 4.000000000000 8.000000000000 0.009677260000
32.000000000000 128.000000000000 16.000000000000 1000000000.000000000000
512.000000000000 1.000000000000 16.000000000000 0.015769400000
8.000000000000 8.000000000000 2.000000000000 0.016537900000
4.000000000000 16.000000000000 512.000000000000 1000000000.000000000000
512.000000000000 2.000000000000 16.000000000000 0.034360000000
256.000000000000 128.000000000000 1.000000000000 0.401383660000
16.000000000000 512.000000000000 16.000000000000 1000000000.000000000000
256.000000000000 32.000000000000 256.000000000000 1000000000.000000000000
