16.000000000000 2.000000000000 512.000000000000 0.039452440000
32.000000000000 4.000000000000 4.000000000000 0.011230480000
1.000000000000 8.000000000000 8.000000000000 0.018314280000
128.000000000000 1.000000000000 1.000000000000 0.010701840000
16.000000000000 256.000000000000 1.000000000000 0.180540200000
128.000000000000 1.000000000000 2.000000000000 0.010142100000
8.000000000000 2.000000000000 128.000000000000 0.036161480000
32.000000000000 512.000000000000 64.000000000000 1000000000.000000000000
256.000000000000 32.000000000000 4.000000000000 0.067164620000
128.000000000000 128.000000000000 1.000000000000 0.225056520000
128.000000000000 64.000000000000 256.000000000000 1000000000.000000000000
64.000000000000 16.000000000000 256.000000000000 1000000000.000000000000
2.000000000000 512.000000000000 64.000000000000 1000000000.000000000000
4.000000000000 128.000000000000 4.000000000000 0.132751500000
1.000000000000 128.000000000000 8.000000000000 0.044867780000
8.000000000000 2.000000000000 32.000000000000 0.021294800000
4.000000000000 4.000000000000 2.000000000000 0.019199960000
2.000000000000 32.000000000000 128.000000000000 1000000000.000000000000
8.000000000000 128.000000000000 128.000000000000 1000000000.000000000000
8.000000000000 1.000000000000 2.000000000000 0.028622100000
2.000000000000 64.000000000000 256.000000000000 1000000000.000000000000
512.000000000000 1.000000000000 4.000000000000 0.011824640000
2.000000000000 4.000000000000 8.000000000000 0.017397020000
32.000000000000 128.000000000000 4.000000000000 0.135013220000
128.000000000000 256.000000000000 64.000000000000 1000000000.000000000000
16.000000000000 1.000000000000 16.000000000000 0.024308540000
16.000000000000 512.000000000000 1.000000000000 1000000000.000000000000
512.000000000000 256.000000000000 32.000000000000 1000000000.000000000000
128.000000000000 64.000000000000 1.000000000000 0.163848420000
128.000000000000 2.000000000000 32.000000000000 0.022182160000
512.000000000000 8.000000000000 16.000000000000 0.016522640000
128.000000000000 2.000000000000 8.000000000000 0.017245000000
64.000000000000 32.000000000000 512.000000000000 1000000000.000000000000
512.000000000000 2.000000000000 4.000000000000 0.026267000000
128.000000000000 16.000000000000 256.000000000000 1000000000.000000000000
4.000000000000 8.000000000000 256.000000000000 1000000000.000000000000
256.000000000000 16.000000000000 512.000000000000 1000000000.000000000000
256.000000000000 512.000000000000 8.000000000000 1000000000.000000000000
128.000000000000 2.000000000000 512.000000000000 0.046364040000
128.000000000000 4.000000000000 4.000000000000 0.014437960000
1.000000000000 32.000000000000 512.000000000000 1000000000.000000000000
1.000000000000 32.000000000000 1.000000000000 0.031624860000
128.000000000000 128.000000000000 512.000000000000 1000000000.000000000000
4.000000000000 128.000000000000 512.000000000000 1000000000.000000000000
4.000000000000 4.000000000000 8.000000000000 0.013903700000
128.000000000000 128.000000000000 8.000000000000 0.166672280000
512.000000000000 32.000000000000 64.000000000000 1000000000.000000000000
8.000000000000 8.000000000000 512.000000000000 1000000000.000000000000
256.000000000000 64.000000000000 2.000000000000 0.294678300000
16.000000000000 1.000000000000 2.000000000000 0.028786280000
128.000000000000 32.000000000000 512.000000000000 1000000000.000000000000
128.000000000000 1.000000000000 32.000000000000 0.035751780000
2.000000000000 64.000000000000 64.000000000000 1000000000.000000000000
8.000000000000 8.000000000000 16.000000000000 0.008036900000
8.000000000000 1.000000000000 256.000000000000 0.074326660000
4.000000000000 128.000000000000 8.000000000000 0.127080680000
32.000000000000 128.000000000000 128.000000000000 1000000000.000000000000
128.000000000000 256.000000000000 32.000000000000 1000000000.000000000000
32.000000000000 1.000000000000 32.000000000000 0.035269260000
256.000000000000 512.000000000000 64.000000000000 1000000000.000000000000
256.000000000000 256.000000000000 128.000000000000 1000000000.000000000000
16.000000000000 256.000000000000 16.000000000000 1000000000.000000000000
2.000000000000 4.000000000000 2.000000000000 0.024019560000
1.000000000000 1.000000000000 256.000000000000 0.071736300000
2.000000000000 32.000000000000 32.000000000000 0.013222440000
8.000000000000 16.000000000000 256.000000000000 1000000000.000000000000
1.000000000000 16.000000000000 64.000000000000 0.014725680000
8.000000000000 2.000000000000 2.000000000000 0.021953700000
8.000000000000 8.000000000000 128.000000000000 0.011442880000
16.000000000000 2.000000000000 8.000000000000 0.015140640000
2.000000000000 4.000000000000 128.000000000000 0.023102600000
512.000000000000 32.000000000000 2.000000000000 0.158175920000
16.000000000000 8.000000000000 32.000000000000 0.007284800000
4.000000000000 32.000000000000 1.000000000000 0.085845360000
8.000000000000 4.000000000000 256.000000000000 0.019313940000
512.000000000000 256.000000000000 1.000000000000 0.597347140000
32.000000000000 512.000000000000 128.000000000000 1000000000.000000000000
32.000000000000 16.000000000000 64.000000000000 0.005361480000
4.000000000000 128.000000000000 64.000000000000 1000000000.000000000000
4.000000000000 512.000000000000 1.000000000000 1000000000.000000000000
8.000000000000 32.000000000000 1.000000000000 0.082289740000
128.000000000000 8.000000000000 8.000000000000 0.009035100000
64.000000000000 512.000000000000 64.000000000000 1000000000.000000000000
1.000000000000 1.000000000000 64.000000000000 0.072182800000
16.000000000000 512.000000000000 2.000000000000 1000000000.000000000000
16.000000000000 128.000000000000 512.000000000000 1000000000.000000000000
1.000000000000 2.000000000000 256.000000000000 0.039698800000
128.000000000000 8.000000000000 2.000000000000 0.020309680000
256.000000000000 8.000000000000 1.000000000000 0.057308220000
2.000000000000 8.000000000000 512.000000000000 1000000000.000000000000
4.000000000000 128.000000000000 32.000000000000 1000000000.000000000000
64.000000000000 16.000000000000 4.000000000000 0.021504940000
64.000000000000 128.000000000000 8.000000000000 0.162732900000
512.000000000000 1.000000000000 16.000000000000 0.014999740000
2.000000000000 512.000000000000 8.000000000000 1000000000.000000000000
16.000000000000 128.000000000000 2.000000000000 0.148054980000
512.000000000000 16.000000000000 32.000000000000 0.013786480000
64.000000000000 16.000000000000 64.000000000000 0.007336140000
4.000000000000 64.000000000000 32.000000000000 1000000000.000000000000
2.000000000000 256.000000000000 64.000000000000 1000000000.000000000000
32.000000000000 1.000000000000 1.000000000000 0.011814100000
256.000000000000 16.000000000000 16.000000000000 0.018251140000
16.000000000000 2.000000000000 256.000000000000 0.040790980000
4.000000000000 8.000000000000 8.000000000000 0.009923000000
8.000000000000 16.000000000000 4.000000000000 0.016871820000
8.000000000000 64.000000000000 64.000000000000 1000000000.000000000000
64.000000000000 4.000000000000 256.000000000000 0.023783900000
256.000000000000 4.000000000000 128.000000000000 0.034766320000
2.000000000000 16.000000000000 64.000000000000 0.010379980000
8.000000000000 512.000000000000 64.000000000000 1000000000.000000000000
1.000000000000 32.000000000000 4.000000000000 0.019826040000
1.000000000000 8.000000000000 256.000000000000 1000000000.000000000000
8.000000000000 128.000000000000 16.000000000000 1000000000.000000000000
16.000000000000 64.000000000000 128.000000000000 1000000000.000000000000
1.000000000000 512.000000000000 128.000000000000 1000000000.000000000000
8.000000000000 256.000000000000 128.000000000000 1000000000.000000000000
128.000000000000 2.000000000000 1.000000000000 0.037626560000
16.000000000000 512.000000000000 128.000000000000 1000000000.000000000000
64.000000000000 128.000000000000 2.000000000000 0.182309540000
16.000000000000 4.000000000000 512.000000000000 1000000000.000000000000
64.000000000000 16.000000000000 128.000000000000 1000000000.000000000000
64.000000000000 64.000000000000 256.000000000000 1000000000.000000000000
2.000000000000 4.000000000000 512.000000000000 1000000000.000000000000
32.000000000000 64.000000000000 64.000000000000 1000000000.000000000000
8.000000000000 32.000000000000 4.000000000000 0.022752900000
128.000000000000 2.000000000000 64.000000000000 0.022291420000
32.000000000000 512.000000000000 32.000000000000 1000000000.000000000000
256.000000000000 8.000000000000 512.000000000000 1000000000.000000000000
4.000000000000 16.000000000000 1.000000000000 0.047996580000
512.000000000000 2.000000000000 64.000000000000 0.054061320000
128.000000000000 128.000000000000 16.000000000000 1000000000.000000000000
1.000000000000 4.000000000000 4.000000000000 0.026448920000
32.000000000000 128.000000000000 256.000000000000 1000000000.000000000000
256.000000000000 2.000000000000 128.000000000000 0.071171800000
2.000000000000 512.000000000000 32.000000000000 1000000000.000000000000
32.000000000000 256.000000000000 1.000000000000 0.170645360000
4.000000000000 1.000000000000 16.000000000000 0.032430560000
8.000000000000 4.000000000000 16.000000000000 0.009662380000
16.000000000000 8.000000000000 1.000000000000 0.025260560000
16.000000000000 16.000000000000 512.000000000000 1000000000.000000000000
8.000000000000 16.000000000000 64.000000000000 0.006010700000
32.000000000000 512.000000000000 16.000000000000 1000000000.000000000000
512.000000000000 512.000000000000 2.000000000000 1000000000.000000000000
8.000000000000 512.000000000000 128.000000000000 1000000000.000000000000
2.000000000000 8.000000000000 8.000000000000 0.012329620000
8.000000000000 16.000000000000 512.000000000000 1000000000.000000000000
16.000000000000 256.000000000000 32.000000000000 1000000000.000000000000
32.000000000000 8.000000000000 512.000000000000 1000000000.000000000000
512.000000000000 4.000000000000 1.000000000000 0.059430620000
1.000000000000 2.000000000000 16.000000000000 0.040798380000
16.000000000000 256.000000000000 256.000000000000 1000000000.000000000000
32.000000000000 4.000000000000 16.000000000000 0.008649320000
512.000000000000 2.000000000000 8.000000000000 0.026404100000
2.000000000000 16.000000000000 4.000000000000 0.014964480000
512.000000000000 128.000000000000 2.000000000000 0.541746640000
8.000000000000 16.000000000000 2.000000000000 0.027949000000
32.000000000000 512.000000000000 4.000000000000 1000000000.000000000000
128.000000000000 64.000000000000 32.000000000000 1000000000.000000000000
2.000000000000 128.000000000000 4.000000000000 0.142736300000
128.000000000000 1.000000000000 16.000000000000 0.029246860000
128.000000000000 8.000000000000 256.000000000000 1000000000.000000000000
2.000000000000 128.000000000000 2.000000000000 0.155926180000
256.000000000000 128.000000000000 128.000000000000 1000000000.000000000000
1.000000000000 4.000000000000 1.000000000000 0.029954600000
128.000000000000 1.000000000000 128.000000000000 0.080464080000
64.000000000000 128.000000000000 64.000000000000 1000000000.000000000000
1.000000000000 8.000000000000 1.000000000000 0.026760240000
1.000000000000 1.000000000000 128.000000000000 0.071949660000
512.000000000000 64.000000000000 32.000000000000 1000000000.000000000000
128.000000000000 8.000000000000 128.000000000000 0.013289080000
8.000000000000 1.000000000000 4.000000000000 0.027353140000
1.000000000000 4.000000000000 8.000000000000 0.024640900000
8.000000000000 512.000000000000 8.000000000000 1000000000.000000000000
8.000000000000 1.000000000000 32.000000000000 0.036855800000
64.000000000000 1.000000000000 8.000000000000 0.009721600000
1.000000000000 1.000000000000 16.000000000000 0.072762720000
4.000000000000 32.000000000000 128.000000000000 1000000000.000000000000
16.000000000000 256.000000000000 4.000000000000 0.134311680000
128.000000000000 512.000000000000 4.000000000000 1000000000.000000000000
256.000000000000 512.000000000000 1.000000000000 1000000000.000000000000
1.000000000000 128.000000000000 4.000000000000 0.044063060000
4.000000000000 16.000000000000 512.000000000000 1000000000.000000000000
16.000000000000 64.000000000000 4.000000000000 0.091116600000
512.000000000000 512.000000000000 64.000000000000 1000000000.000000000000
128.000000000000 64.000000000000 8.000000000000 0.123783600000
128.000000000000 256.000000000000 512.000000000000 1000000000.000000000000
2.000000000000 64.000000000000 512.000000000000 1000000000.000000000000
8.000000000000 64.000000000000 4.000000000000 0.082125900000
128.000000000000 4.000000000000 128.000000000000 0.021465900000
128.000000000000 1.000000000000 4.000000000000 0.009279700000
8.000000000000 128.000000000000 256.000000000000 1000000000.000000000000
128.000000000000 128.000000000000 4.000000000000 0.174460060000
4.000000000000 256.000000000000 8.000000000000 1000000000.000000000000
8.000000000000 128.000000000000 64.000000000000 1000000000.000000000000
1.000000000000 32.000000000000 64.000000000000 1000000000.000000000000
1.000000000000 128.000000000000 16.000000000000 1000000000.000000000000
64.000000000000 128.000000000000 32.000000000000 1000000000.000000000000
32.000000000000 32.000000000000 512.000000000000 1000000000.000000000000
16.000000000000 128.000000000000 128.000000000000 1000000000.000000000000
64.000000000000 128.000000000000 4.000000000000 0.170771720000
2.000000000000 512.000000000000 1.000000000000 1000000000.000000000000
4.000000000000 8.000000000000 2.000000000000 0.015290440000
16.000000000000 32.000000000000 2.000000000000 0.048115460000
512.000000000000 8.000000000000 256.000000000000 1000000000.000000000000
64.000000000000 4.000000000000 16.000000000000 0.010782280000
16.000000000000 512.000000000000 32.000000000000 1000000000.000000000000
32.000000000000 512.000000000000 8.000000000000 1000000000.000000000000
256.000000000000 256.000000000000 64.000000000000 1000000000.000000000000
128.000000000000 16.000000000000 1.000000000000 0.060956100000
512.000000000000 4.000000000000 256.000000000000 0.056528720000
2.000000000000 2.000000000000 128.000000000000 0.040308880000
8.000000000000 64.000000000000 256.000000000000 1000000000.000000000000
16.000000000000 16.000000000000 256.000000000000 1000000000.000000000000
64.000000000000 16.000000000000 512.000000000000 1000000000.000000000000
4.000000000000 2.000000000000 256.000000000000 0.039627620000
32.000000000000 4.000000000000 8.000000000000 0.009003240000
32.000000000000 32.000000000000 256.000000000000 1000000000.000000000000
1.000000000000 128.000000000000 2.000000000000 0.044378560000
1.000000000000 4.000000000000 256.000000000000 0.024837140000
1.000000000000 8.000000000000 64.000000000000 0.017307020000
512.000000000000 8.000000000000 512.000000000000 1000000000.000000000000
8.000000000000 32.000000000000 16.000000000000 0.009556480000
8.000000000000 512.000000000000 16.000000000000 1000000000.000000000000
1.000000000000 64.000000000000 256.000000000000 1000000000.000000000000
64.000000000000 256.000000000000 2.000000000000 0.176542900000
2.000000000000 32.000000000000 4.000000000000 0.027918800000
64.000000000000 4.000000000000 32.000000000000 0.012328940000
8.000000000000 128.000000000000 32.000000000000 1000000000.000000000000
1.000000000000 2.000000000000 512.000000000000 0.011860540000
128.000000000000 256.000000000000 4.000000000000 0.166390240000
256.000000000000 8.000000000000 256.000000000000 1000000000.000000000000
8.000000000000 128.000000000000 4.000000000000 0.124227220000
4.000000000000 8.000000000000 1.000000000000 0.023051800000
8.000000000000 256.000000000000 256.000000000000 1000000000.000000000000
1.000000000000 8.000000000000 32.000000000000 0.016880840000
64.000000000000 64.000000000000 4.000000000000 0.131439700000
64.000000000000 256.000000000000 256.000000000000 1000000000.000000000000
256.000000000000 32.000000000000 256.000000000000 1000000000.000000000000
4.000000000000 256.000000000000 2.000000000000 0.148114280000
64.000000000000 1.000000000000 2.000000000000 0.010692540000
64.000000000000 128.000000000000 128.000000000000 1000000000.000000000000
32.000000000000 4.000000000000 2.000000000000 0.015496000000
256.000000000000 64.000000000000 256.000000000000 1000000000.000000000000
512.000000000000 2.000000000000 32.000000000000 0.047783680000
64.000000000000 32.000000000000 4.000000000000 0.033835260000
32.000000000000 8.000000000000 16.000000000000 0.007281460000
8.000000000000 2.000000000000 4.000000000000 0.018901540000
32.000000000000 256.000000000000 2.000000000000 0.143234100000
2.000000000000 8.000000000000 64.000000000000 0.012511180000
4.000000000000 512.000000000000 256.000000000000 1000000000.000000000000
256.000000000000 4.000000000000 1.000000000000 0.062933140000
16.000000000000 128.000000000000 1.000000000000 0.173357280000
32.000000000000 16.000000000000 1.000000000000 0.052082420000
64.000000000000 32.000000000000 1.000000000000 0.131150020000
4.000000000000 16.000000000000 4.000000000000 0.015809340000
256.000000000000 128.000000000000 32.000000000000 1000000000.000000000000
64.000000000000 64.000000000000 64.000000000000 1000000000.000000000000
8.000000000000 256.000000000000 32.000000000000 1000000000.000000000000
32.000000000000 4.000000000000 256.000000000000 0.020173040000
64.000000000000 8.000000000000 1.000000000000 0.032207160000
4.000000000000 2.000000000000 16.000000000000 0.021362660000
64.000000000000 16.000000000000 1.000000000000 0.057429560000
128.000000000000 2.000000000000 2.000000000000 0.024455680000
8.000000000000 128.000000000000 1.000000000000 0.163014380000
32.000000000000 8.000000000000 32.000000000000 0.006976800000
16.000000000000 1.000000000000 1.000000000000 0.033805020000
2.000000000000 512.000000000000 2.000000000000 1000000000.000000000000
128.000000000000 256.000000000000 256.000000000000 1000000000.000000000000
512.000000000000 128.000000000000 4.000000000000 0.613488920000
2.000000000000 128.000000000000 16.000000000000 1000000000.000000000000
256.000000000000 4.000000000000 16.000000000000 0.019642780000
256.000000000000 4.000000000000 256.000000000000 0.037374620000
2.000000000000 8.000000000000 4.000000000000 0.014590900000
256.000000000000 2.000000000000 1.000000000000 0.074180160000
128.000000000000 8.000000000000 1.000000000000 0.033592900000
4.000000000000 256.000000000000 512.000000000000 1000000000.000000000000
64.000000000000 2.000000000000 32.000000000000 0.023797720000
2.000000000000 512.000000000000 256.000000000000 1000000000.000000000000
4.000000000000 64.000000000000 1.000000000000 0.102626420000
8.000000000000 64.000000000000 16.000000000000 0.078711120000
4.000000000000 4.000000000000 16.000000000000 0.012507580000
512.000000000000 512.000000000000 16.000000000000 1000000000.000000000000
4.000000000000 64.000000000000 4.000000000000 0.090070500000
4.000000000000 64.000000000000 128.000000000000 1000000000.000000000000
4.000000000000 16.000000000000 64.000000000000 0.008783580000
2.000000000000 128.000000000000 512.000000000000 1000000000.000000000000
32.000000000000 16.000000000000 8.000000000000 0.010741560000
512.000000000000 512.000000000000 128.000000000000 1000000000.000000000000
