1.000000000000 64.000000000000 256.000000000000 1000000000.000000000000
256.000000000000 64.000000000000 16.000000000000 0.220465680000
16.000000000000 16.000000000000 1.000000000000 0.054475360000
8.000000000000 32.000000000000 64.000000000000 1000000000.000000000000
8.000000000000 4.000000000000 512.000000000000 1000000000.000000000000
2.000000000000 32.000000000000 16.000000000000 0.014981400000
1.000000000000 1.000000000000 32.000000000000 0.073212340000
2.000000000000 2.000000000000 2.000000000000 0.034040180000
1.000000000000 1.000000000000 8.000000000000 0.074362680000
128.000000000000 2.000000000000 1.000000000000 0.040009720000
256.000000000000 64.000000000000 512.000000000000 1000000000.000000000000
64.000000000000 2.000000000000 8.000000000000 0.017451260000
1.000000000000 4.000000000000 2.000000000000 0.026349040000
16.000000000000 1.000000000000 512.000000000000 0.078785820000
32.000000000000 1.000000000000 4.000000000000 0.008653700000
32.000000000000 256.000000000000 32.000000000000 1000000000.000000000000
128.000000000000 8.000000000000 256.000000000000 1000000000.000000000000
8.000000000000 256.000000000000 4.000000000000 0.127847220000
4.000000000000 8.000000000000 64.000000000000 0.010436680000
2.000000000000 128.000000000000 64.000000000000 1000000000.000000000000
16.000000000000 1.000000000000 64.000000000000 0.035609540000
128.000000000000 16.000000000000 1.000000000000 0.066707540000
16.000000000000 4.000000000000 32.000000000000 0.012249900000
1.000000000000 8.000000000000 32.000000000000 0.017464480000
4.000000000000 4.000000000000 8.000000000000 0.013108600000
128.000000000000 256.000000000000 32.000000000000 1000000000.000000000000
4.000000000000 2.000000000000 1.000000000000 0.033115120000
2.000000000000 32.000000000000 4.000000000000 0.027312840000
128.000000000000 32.000000000000 16.000000000000 0.011954120000
2.000000000000 2.000000000000 8.000000000000 0.031522880000
128.000000000000 2.000000000000 16.000000000000 0.017763140000
4.000000000000 32.000000000000 4.000000000000 0.025236700000
1.000000000000 512.000000000000 64.000000000000 1000000000.000000000000
64.000000000000 512.000000000000 256.000000000000 1000000000.000000000000
4.000000000000 16.000000000000 16.000000000000 0.009248900000
1.000000000000 8.000000000000 8.000000000000 0.017294700000
2.000000000000 2.000000000000 512.000000000000 0.040085340000
2.000000000000 16.000000000000 64.000000000000 0.010988020000
4.000000000000 16.000000000000 512.000000000000 1000000000.000000000000
128.000000000000 32.000000000000 512.000000000000 1000000000.000000000000
16.000000000000 128.000000000000 1.000000000000 0.179344580000
4.000000000000 1.000000000000 512.000000000000 0.072079600000
4.000000000000 128.000000000000 512.000000000000 1000000000.000000000000
256.000000000000 512.000000000000 32.000000000000 1000000000.000000000000
64.000000000000 512.000000000000 512.000000000000 1000000000.000000000000
256.000000000000 1.000000000000 512.000000000000 0.148024500000
2.000000000000 256.000000000000 256.000000000000 1000000000.000000000000
2.000000000000 512.000000000000 128.000000000000 1000000000.000000000000
64.000000000000 128.000000000000 64.000000000000 1000000000.000000000000
32.000000000000 32.000000000000 64.000000000000 1000000000.000000000000
2.000000000000 8.000000000000 1.000000000000 0.027856700000
4.000000000000 32.000000000000 128.000000000000 1000000000.000000000000
32.000000000000 2.000000000000 2.000000000000 0.021704940000
16.000000000000 4.000000000000 512.000000000000 1000000000.000000000000
2.000000000000 2.000000000000 64.000000000000 0.032117060000
1.000000000000 32.000000000000 16.000000000000 0.016115920000
32.000000000000 512.000000000000 4.000000000000 1000000000.000000000000
8.000000000000 2.000000000000 512.000000000000 0.037879140000
512.000000000000 128.000000000000 4.000000000000 0.611651600000
512.000000000000 8.000000000000 64.000000000000 0.021128040000
16.000000000000 2.000000000000 8.000000000000 0.015108480000
32.000000000000 8.000000000000 8.000000000000 0.007208540000
128.000000000000 128.000000000000 2.000000000000 0.189113140000
16.000000000000 16.000000000000 8.000000000000 0.010813700000
64.000000000000 2.000000000000 1.000000000000 0.040964200000
2.000000000000 4.000000000000 64.000000000000 0.018063200000
512.000000000000 1.000000000000 32.000000000000 0.020564880000
16.000000000000 256.000000000000 128.000000000000 1000000000.000000000000
2.000000000000 128.000000000000 8.000000000000 0.141578260000
256.000000000000 1.000000000000 16.000000000000 0.052218780000
64.000000000000 16.000000000000 64.000000000000 0.008934320000
32.000000000000 16.000000000000 32.000000000000 0.006074900000
64.000000000000 16.000000000000 32.000000000000 0.007449160000
32.000000000000 16.000000000000 16.000000000000 0.007701860000
32.000000000000 16.000000000000 8.000000000000 0.010840460000
32.000000000000 4.000000000000 8.000000000000 0.008670700000
4.000000000000 16.000000000000 32.000000000000 0.008158140000
16.000000000000 8.000000000000 16.000000000000 0.008304360000
64.000000000000 16.000000000000 16.000000000000 0.009931820000
16.000000000000 8.000000000000 8.000000000000 0.007873800000
16.000000000000 16.000000000000 16.000000000000 0.007973520000
32.000000000000 4.000000000000 16.000000000000 0.008612580000
4.000000000000 8.000000000000 32.000000000000 0.009423080000
8.000000000000 16.000000000000 16.000000000000 0.007819000000
32.000000000000 8.000000000000 32.000000000000 0.007172440000
16.000000000000 4.000000000000 16.000000000000 0.009162720000
32.000000000000 8.000000000000 16.000000000000 0.007100320000
4.000000000000 16.000000000000 8.000000000000 0.012069040000
4.000000000000 8.000000000000 8.000000000000 0.010046480000
8.000000000000 8.000000000000 32.000000000000 0.007994020000
64.000000000000 16.000000000000 8.000000000000 0.013537060000
32.000000000000 32.000000000000 8.000000000000 0.014034000000
8.000000000000 8.000000000000 8.000000000000 0.008259440000
8.000000000000 8.000000000000 16.000000000000 0.008236340000
64.000000000000 8.000000000000 32.000000000000 0.009109740000
128.000000000000 16.000000000000 32.000000000000 0.007355640000
16.000000000000 16.000000000000 32.000000000000 0.005959200000
4.000000000000 8.000000000000 16.000000000000 0.009789480000
16.000000000000 4.000000000000 8.000000000000 0.009368500000
32.000000000000 4.000000000000 32.000000000000 0.009396080000
64.000000000000 8.000000000000 16.000000000000 0.009310740000
32.000000000000 32.000000000000 16.000000000000 0.009116040000
8.000000000000 16.000000000000 8.000000000000 0.010393620000
32.000000000000 2.000000000000 32.000000000000 0.018628940000
8.000000000000 16.000000000000 32.000000000000 0.006420780000
16.000000000000 32.000000000000 16.000000000000 0.009478220000
32.000000000000 16.000000000000 4.000000000000 0.018384120000
64.000000000000 4.000000000000 32.000000000000 0.013282560000
64.000000000000 8.000000000000 64.000000000000 0.010526880000
32.000000000000 2.000000000000 16.000000000000 0.014142500000
64.000000000000 4.000000000000 64.000000000000 0.014011760000
32.000000000000 8.000000000000 4.000000000000 0.009300200000
16.000000000000 8.000000000000 32.000000000000 0.007971560000
32.000000000000 4.000000000000 64.000000000000 0.011187320000
128.000000000000 16.000000000000 16.000000000000 0.009366180000
64.000000000000 8.000000000000 8.000000000000 0.009976500000
4.000000000000 4.000000000000 64.000000000000 0.014372540000
2.000000000000 16.000000000000 16.000000000000 0.011632440000
32.000000000000 2.000000000000 8.000000000000 0.013934660000
32.000000000000 16.000000000000 64.000000000000 0.006674040000
4.000000000000 4.000000000000 16.000000000000 0.012548560000
32.000000000000 8.000000000000 64.000000000000 0.008297420000
64.000000000000 4.000000000000 8.000000000000 0.011264640000
8.000000000000 4.000000000000 16.000000000000 0.009747140000
8.000000000000 32.000000000000 16.000000000000 0.009778820000
128.000000000000 8.000000000000 32.000000000000 0.008856160000
4.000000000000 32.000000000000 16.000000000000 0.011828940000
8.000000000000 4.000000000000 8.000000000000 0.010203780000
1.000000000000 16.000000000000 16.000000000000 0.014480720000
64.000000000000 4.000000000000 16.000000000000 0.010742460000
16.000000000000 32.000000000000 8.000000000000 0.014455060000
8.000000000000 4.000000000000 32.000000000000 0.011943440000
16.000000000000 8.000000000000 64.000000000000 0.008842200000
8.000000000000 16.000000000000 64.000000000000 0.007133380000
16.000000000000 16.000000000000 64.000000000000 0.007401200000
16.000000000000 8.000000000000 128.000000000000 0.011960140000
8.000000000000 8.000000000000 64.000000000000 0.008850660000
8.000000000000 8.000000000000 128.000000000000 0.011540540000
32.000000000000 8.000000000000 128.000000000000 0.012174840000
16.000000000000 8.000000000000 4.000000000000 0.010120520000
4.000000000000 16.000000000000 64.000000000000 0.008673920000
128.000000000000 8.000000000000 16.000000000000 0.009593820000
64.000000000000 32.000000000000 16.000000000000 0.011942040000
32.000000000000 4.000000000000 128.000000000000 0.019430520000
4.000000000000 8.000000000000 4.000000000000 0.012721280000
32.000000000000 4.000000000000 4.000000000000 0.011215240000
16.000000000000 32.000000000000 32.000000000000 0.007738020000
2.000000000000 16.000000000000 32.000000000000 0.010808860000
8.000000000000 4.000000000000 4.000000000000 0.012965940000
16.000000000000 4.000000000000 128.000000000000 0.020159640000
8.000000000000 8.000000000000 4.000000000000 0.010431920000
16.000000000000 16.000000000000 4.000000000000 0.017385780000
256.000000000000 8.000000000000 32.000000000000 0.014827280000
32.000000000000 32.000000000000 32.000000000000 0.007170960000
4.000000000000 16.000000000000 4.000000000000 0.016879120000
256.000000000000 8.000000000000 16.000000000000 0.017439320000
8.000000000000 16.000000000000 4.000000000000 0.015778140000
4.000000000000 8.000000000000 128.000000000000 0.013157940000
128.000000000000 4.000000000000 16.000000000000 0.010477380000
8.000000000000 32.000000000000 32.000000000000 0.007594960000
16.000000000000 4.000000000000 4.000000000000 0.012132940000
2.000000000000 16.000000000000 4.000000000000 0.015436160000
16.000000000000 4.000000000000 64.000000000000 0.011903980000
32.000000000000 1.000000000000 8.000000000000 0.008581120000
8.000000000000 4.000000000000 128.000000000000 0.019543980000
256.000000000000 16.000000000000 32.000000000000 0.013198880000
2.000000000000 8.000000000000 32.000000000000 0.012565460000
32.000000000000 4.000000000000 256.000000000000 0.021986540000
2.000000000000 8.000000000000 64.000000000000 0.013147080000
8.000000000000 4.000000000000 256.000000000000 0.020794640000
128.000000000000 4.000000000000 32.000000000000 0.012595220000
128.000000000000 8.000000000000 8.000000000000 0.009422800000
8.000000000000 4.000000000000 64.000000000000 0.012560380000
128.000000000000 8.000000000000 64.000000000000 0.010538940000
2.000000000000 8.000000000000 8.000000000000 0.012585260000
32.000000000000 1.000000000000 16.000000000000 0.023446160000
4.000000000000 32.000000000000 32.000000000000 0.009653260000
64.000000000000 4.000000000000 4.000000000000 0.015084440000
2.000000000000 8.000000000000 16.000000000000 0.012710140000
256.000000000000 16.000000000000 16.000000000000 0.017828360000
16.000000000000 2.000000000000 16.000000000000 0.015664600000
64.000000000000 8.000000000000 4.000000000000 0.012044300000
4.000000000000 4.000000000000 32.000000000000 0.014747160000
256.000000000000 8.000000000000 8.000000000000 0.018581380000
512.000000000000 16.000000000000 32.000000000000 0.014449580000
2.000000000000 16.000000000000 8.000000000000 0.012598100000
16.000000000000 4.000000000000 256.000000000000 0.021469340000
2.000000000000 8.000000000000 4.000000000000 0.014545300000
128.000000000000 16.000000000000 64.000000000000 0.008470000000
512.000000000000 8.000000000000 32.000000000000 0.017896860000
64.000000000000 32.000000000000 32.000000000000 0.009148060000
64.000000000000 8.000000000000 128.000000000000 0.014405700000
128.000000000000 32.000000000000 32.000000000000 0.008520980000
64.000000000000 1.000000000000 4.000000000000 0.010055520000
16.000000000000 1.000000000000 4.000000000000 0.010531600000
16.000000000000 1.000000000000 8.000000000000 0.009832300000
8.000000000000 1.000000000000 4.000000000000 0.026896500000
2.000000000000 32.000000000000 32.000000000000 0.013797040000
8.000000000000 1.000000000000 8.000000000000 0.014361380000
128.000000000000 16.000000000000 8.000000000000 0.014102820000
128.000000000000 4.000000000000 8.000000000000 0.011686820000
8.000000000000 32.000000000000 8.000000000000 0.014568720000
16.000000000000 2.000000000000 4.000000000000 0.016733380000
32.000000000000 2.000000000000 4.000000000000 0.016398500000
128.000000000000 8.000000000000 4.000000000000 0.012498700000
16.000000000000 64.000000000000 16.000000000000 0.085825060000
8.000000000000 64.000000000000 16.000000000000 0.077968440000
128.000000000000 4.000000000000 64.000000000000 0.014145340000
1.000000000000 16.000000000000 64.000000000000 0.014979320000
32.000000000000 64.000000000000 16.000000000000 0.086179540000
128.000000000000 32.000000000000 8.000000000000 0.020437200000
64.000000000000 1.000000000000 8.000000000000 0.009633520000
64.000000000000 32.000000000000 8.000000000000 0.019057760000
128.000000000000 1.000000000000 8.000000000000 0.008658740000
128.000000000000 1.000000000000 4.000000000000 0.008556020000
32.000000000000 1.000000000000 2.000000000000 0.009894920000
4.000000000000 32.000000000000 8.000000000000 0.016535380000
128.000000000000 8.000000000000 128.000000000000 0.014408680000
1.000000000000 16.000000000000 32.000000000000 0.014296000000
8.000000000000 1.000000000000 2.000000000000 0.029934740000
256.000000000000 16.000000000000 256.000000000000 1000000000.000000000000
4.000000000000 2.000000000000 32.000000000000 0.025568420000
4.000000000000 4.000000000000 512.000000000000 1000000000.000000000000
256.000000000000 2.000000000000 64.000000000000 0.045573100000
128.000000000000 16.000000000000 128.000000000000 1000000000.000000000000
16.000000000000 512.000000000000 1.000000000000 1000000000.000000000000
16.000000000000 2.000000000000 64.000000000000 0.021245460000
1.000000000000 512.000000000000 16.000000000000 1000000000.000000000000
32.000000000000 512.000000000000 2.000000000000 1000000000.000000000000
4.000000000000 128.000000000000 32.000000000000 1000000000.000000000000
2.000000000000 2.000000000000 16.000000000000 0.027423460000
4.000000000000 32.000000000000 512.000000000000 1000000000.000000000000
128.000000000000 2.000000000000 64.000000000000 0.025242000000
256.000000000000 16.000000000000 8.000000000000 0.024648300000
1.000000000000 16.000000000000 256.000000000000 1000000000.000000000000
64.000000000000 4.000000000000 2.000000000000 0.019259120000
256.000000000000 16.000000000000 4.000000000000 0.041716760000
64.000000000000 512.000000000000 1.000000000000 1000000000.000000000000
4.000000000000 128.000000000000 2.000000000000 0.145502200000
16.000000000000 64.000000000000 32.000000000000 1000000000.000000000000
64.000000000000 1.000000000000 64.000000000000 0.043153680000
8.000000000000 128.000000000000 512.000000000000 1000000000.000000000000
1.000000000000 32.000000000000 128.000000000000 1000000000.000000000000
1.000000000000 16.000000000000 8.000000000000 0.015255640000
1.000000000000 2.000000000000 256.000000000000 0.041170880000
4.000000000000 32.000000000000 64.000000000000 1000000000.000000000000
128.000000000000 8.000000000000 1.000000000000 0.033303680000
32.000000000000 1.000000000000 64.000000000000 0.034118640000
8.000000000000 2.000000000000 4.000000000000 0.019038360000
8.000000000000 16.000000000000 512.000000000000 1000000000.000000000000
32.000000000000 16.000000000000 1.000000000000 0.054371680000
2.000000000000 128.000000000000 2.000000000000 0.159040600000
512.000000000000 2.000000000000 16.000000000000 0.034310200000
128.000000000000 128.000000000000 128.000000000000 1000000000.000000000000
64.000000000000 64.000000000000 2.000000000000 0.157410220000
128.000000000000 512.000000000000 8.000000000000 1000000000.000000000000
1.000000000000 512.000000000000 8.000000000000 1000000000.000000000000
128.000000000000 4.000000000000 512.000000000000 1000000000.000000000000
4.000000000000 64.000000000000 1.000000000000 0.102989760000
8.000000000000 2.000000000000 2.000000000000 0.022534820000
32.000000000000 256.000000000000 128.000000000000 1000000000.000000000000
32.000000000000 512.000000000000 256.000000000000 1000000000.000000000000
256.000000000000 512.000000000000 512.000000000000 1000000000.000000000000
2.000000000000 1.000000000000 32.000000000000 0.050113580000
128.000000000000 1.000000000000 2.000000000000 0.011114780000
64.000000000000 1.000000000000 2.000000000000 0.010919620000
512.000000000000 16.000000000000 16.000000000000 0.020604320000
256.000000000000 32.000000000000 32.000000000000 0.016238840000
256.000000000000 1.000000000000 4.000000000000 0.012613400000
1.000000000000 8.000000000000 64.000000000000 0.016880740000
64.000000000000 2.000000000000 4.000000000000 0.020827300000
128.000000000000 1.000000000000 1.000000000000 0.010436920000
256.000000000000 1.000000000000 8.000000000000 0.015675960000
256.000000000000 32.000000000000 16.000000000000 0.022412120000
128.000000000000 2.000000000000 8.000000000000 0.017178760000
1.000000000000 32.000000000000 32.000000000000 0.015881180000
128.000000000000 1.000000000000 16.000000000000 0.028593540000
128.000000000000 4.000000000000 4.000000000000 0.013715160000
128.000000000000 2.000000000000 4.000000000000 0.018983520000
16.000000000000 2.000000000000 32.000000000000 0.020808960000
1.000000000000 8.000000000000 16.000000000000 0.017555980000
512.000000000000 1.000000000000 4.000000000000 0.012042300000
128.000000000000 1.000000000000 32.000000000000 0.038698480000
512.000000000000 32.000000000000 32.000000000000 0.014832240000
128.000000000000 2.000000000000 2.000000000000 0.027050560000
128.000000000000 2.000000000000 32.000000000000 0.022921720000
64.000000000000 2.000000000000 16.000000000000 0.018979620000
64.000000000000 1.000000000000 1.000000000000 0.013554800000
8.000000000000 8.000000000000 2.000000000000 0.015944960000
512.000000000000 8.000000000000 16.000000000000 0.016870580000
512.000000000000 32.000000000000 16.000000000000 0.022256600000
4.000000000000 8.000000000000 2.000000000000 0.014580240000
256.000000000000 8.000000000000 64.000000000000 0.019484520000
256.000000000000 4.000000000000 32.000000000000 0.021919120000
16.000000000000 1.000000000000 16.000000000000 0.022948180000
32.000000000000 1.000000000000 32.000000000000 0.033567360000
4.000000000000 4.000000000000 4.000000000000 0.014008840000
4.000000000000 16.000000000000 2.000000000000 0.029828500000
512.000000000000 16.000000000000 8.000000000000 0.031893120000
32.000000000000 8.000000000000 2.000000000000 0.016179280000
