64.000000000000 64.000000000000 256.000000000000 1000000000.000000000000
128.000000000000 256.000000000000 2.000000000000 0.185738500000
32.000000000000 64.000000000000 2.000000000000 0.112825100000
512.000000000000 2.000000000000 64.000000000000 0.055798100000
1.000000000000 128.000000000000 8.000000000000 0.050461660000
8.000000000000 32.000000000000 16.000000000000 0.009664760000
1.000000000000 256.000000000000 16.000000000000 1000000000.000000000000
16.000000000000 2.000000000000 64.000000000000 0.019849700000
256.000000000000 2.000000000000 16.000000000000 0.037295380000
1.000000000000 64.000000000000 256.000000000000 1000000000.000000000000
256.000000000000 32.000000000000 4.000000000000 0.066310080000
1.000000000000 2.000000000000 4.000000000000 0.044903920000
1.000000000000 512.000000000000 256.000000000000 1000000000.000000000000
256.000000000000 8.000000000000 8.000000000000 0.018386560000
256.000000000000 4.000000000000 128.000000000000 0.037611740000
8.000000000000 4.000000000000 32.000000000000 0.012227040000
64.000000000000 1.000000000000 16.000000000000 0.033118120000
8.000000000000 16.000000000000 64.000000000000 0.006174200000
32.000000000000 64.000000000000 1.000000000000 0.121033220000
4.000000000000 2.000000000000 128.000000000000 0.040341820000
2.000000000000 16.000000000000 64.000000000000 0.010971980000
512.000000000000 16.000000000000 8.000000000000 0.032934500000
16.000000000000 8.000000000000 256.000000000000 1000000000.000000000000
1.000000000000 8.000000000000 8.000000000000 0.018068100000
512.000000000000 2.000000000000 128.000000000000 0.094566560000
16.000000000000 1.000000000000 16.000000000000 0.025830800000
256.000000000000 256.000000000000 512.000000000000 1000000000.000000000000
32.000000000000 128.000000000000 1.000000000000 0.186238420000
256.000000000000 8.000000000000 512.000000000000 1000000000.000000000000
8.000000000000 2.000000000000 8.000000000000 0.017464060000
128.000000000000 16.000000000000 8.000000000000 0.014557320000
16.000000000000 8.000000000000 32.000000000000 0.007242060000
1.000000000000 16.000000000000 16.000000000000 0.014918480000
4.000000000000 1.000000000000 2.000000000000 0.040160920000
512.000000000000 4.000000000000 512.000000000000 1000000000.000000000000
4.000000000000 32.000000000000 32.000000000000 0.009323720000
64.000000000000 2.000000000000 16.000000000000 0.019079260000
512.000000000000 16.000000000000 128.000000000000 1000000000.000000000000
16.000000000000 4.000000000000 64.000000000000 0.010785220000
64.000000000000 2.000000000000 8.000000000000 0.017700860000
128.000000000000 16.000000000000 2.000000000000 0.039435420000
1.000000000000 16.000000000000 8.000000000000 0.014989700000
4.000000000000 64.000000000000 32.000000000000 1000000000.000000000000
2.000000000000 16.000000000000 32.000000000000 0.010893360000
256.000000000000 16.000000000000 256.000000000000 1000000000.000000000000
512.000000000000 32.000000000000 8.000000000000 0.040739820000
16.000000000000 8.000000000000 2.000000000000 0.016085060000
8.000000000000 32.000000000000 4.000000000000 0.023844200000
1.000000000000 4.000000000000 2.000000000000 0.029062840000
1.000000000000 8.000000000000 64.000000000000 0.017701860000
64.000000000000 4.000000000000 32.000000000000 0.013771520000
4.000000000000 512.000000000000 64.000000000000 1000000000.000000000000
128.000000000000 2.000000000000 8.000000000000 0.017851760000
4.000000000000 32.000000000000 2.000000000000 0.045025020000
16.000000000000 16.000000000000 2.000000000000 0.031421040000
16.000000000000 8.000000000000 64.000000000000 0.007513360000
16.000000000000 2.000000000000 32.000000000000 0.021561540000
1.000000000000 256.000000000000 512.000000000000 1000000000.000000000000
256.000000000000 128.000000000000 512.000000000000 1000000000.000000000000
512.000000000000 2.000000000000 1.000000000000 0.050883700000
128.000000000000 256.000000000000 512.000000000000 1000000000.000000000000
64.000000000000 16.000000000000 2.000000000000 0.036605760000
8.000000000000 16.000000000000 512.000000000000 1000000000.000000000000
512.000000000000 32.000000000000 64.000000000000 1000000000.000000000000
4.000000000000 2.000000000000 16.000000000000 0.023641640000
512.000000000000 8.000000000000 512.000000000000 1000000000.000000000000
8.000000000000 1.000000000000 256.000000000000 0.078047360000
256.000000000000 64.000000000000 1.000000000000 0.289983300000
4.000000000000 4.000000000000 32.000000000000 0.014429800000
2.000000000000 4.000000000000 4.000000000000 0.021159200000
32.000000000000 256.000000000000 256.000000000000 1000000000.000000000000
2.000000000000 8.000000000000 256.000000000000 1000000000.000000000000
8.000000000000 16.000000000000 32.000000000000 0.006672840000
16.000000000000 16.000000000000 32.000000000000 0.006401240000
32.000000000000 8.000000000000 32.000000000000 0.006990980000
16.000000000000 16.000000000000 16.000000000000 0.008388480000
8.000000000000 16.000000000000 16.000000000000 0.007911220000
4.000000000000 16.000000000000 32.000000000000 0.008114240000
8.000000000000 8.000000000000 32.000000000000 0.007871080000
32.000000000000 4.000000000000 32.000000000000 0.010969920000
4.000000000000 8.000000000000 32.000000000000 0.009396560000
16.000000000000 8.000000000000 16.000000000000 0.008420340000
4.000000000000 16.000000000000 16.000000000000 0.008837540000
32.000000000000 8.000000000000 16.000000000000 0.007856320000
8.000000000000 32.000000000000 32.000000000000 0.007458760000
8.000000000000 16.000000000000 8.000000000000 0.010530040000
8.000000000000 8.000000000000 16.000000000000 0.008346680000
16.000000000000 8.000000000000 8.000000000000 0.007957880000
8.000000000000 8.000000000000 64.000000000000 0.007917460000
2.000000000000 8.000000000000 32.000000000000 0.012912860000
16.000000000000 16.000000000000 8.000000000000 0.010677360000
64.000000000000 4.000000000000 16.000000000000 0.013090740000
2.000000000000 16.000000000000 16.000000000000 0.011699920000
16.000000000000 16.000000000000 64.000000000000 0.006090480000
32.000000000000 4.000000000000 8.000000000000 0.009205020000
16.000000000000 4.000000000000 32.000000000000 0.011765260000
32.000000000000 8.000000000000 8.000000000000 0.007750480000
8.000000000000 8.000000000000 8.000000000000 0.008003460000
8.000000000000 4.000000000000 64.000000000000 0.011277300000
16.000000000000 4.000000000000 8.000000000000 0.009007680000
32.000000000000 4.000000000000 16.000000000000 0.008647420000
128.000000000000 8.000000000000 8.000000000000 0.009186580000
4.000000000000 8.000000000000 16.000000000000 0.009522140000
8.000000000000 4.000000000000 16.000000000000 0.009633000000
32.000000000000 4.000000000000 64.000000000000 0.009849700000
4.000000000000 16.000000000000 64.000000000000 0.007557400000
4.000000000000 32.000000000000 16.000000000000 0.011205900000
16.000000000000 4.000000000000 16.000000000000 0.008951200000
1.000000000000 16.000000000000 32.000000000000 0.014554720000
32.000000000000 16.000000000000 16.000000000000 0.007778000000
2.000000000000 8.000000000000 8.000000000000 0.012203780000
8.000000000000 4.000000000000 8.000000000000 0.009922200000
32.000000000000 16.000000000000 32.000000000000 0.005955580000
1.000000000000 4.000000000000 32.000000000000 0.024667660000
4.000000000000 4.000000000000 8.000000000000 0.013165180000
2.000000000000 32.000000000000 32.000000000000 0.013302200000
1.000000000000 8.000000000000 16.000000000000 0.017563060000
32.000000000000 16.000000000000 8.000000000000 0.010712560000
4.000000000000 4.000000000000 16.000000000000 0.012496580000
2.000000000000 4.000000000000 16.000000000000 0.015872960000
2.000000000000 8.000000000000 16.000000000000 0.012509260000
4.000000000000 8.000000000000 64.000000000000 0.009377460000
8.000000000000 32.000000000000 8.000000000000 0.014170620000
64.000000000000 4.000000000000 8.000000000000 0.012007220000
32.000000000000 8.000000000000 64.000000000000 0.007018460000
64.000000000000 8.000000000000 16.000000000000 0.009794560000
64.000000000000 16.000000000000 8.000000000000 0.013912800000
8.000000000000 4.000000000000 4.000000000000 0.012855220000
1.000000000000 8.000000000000 32.000000000000 0.017002680000
2.000000000000 8.000000000000 64.000000000000 0.012609280000
16.000000000000 32.000000000000 16.000000000000 0.009578280000
128.000000000000 4.000000000000 8.000000000000 0.011236960000
8.000000000000 8.000000000000 128.000000000000 0.012132600000
16.000000000000 32.000000000000 32.000000000000 0.006879560000
32.000000000000 16.000000000000 64.000000000000 0.005515180000
64.000000000000 8.000000000000 32.000000000000 0.008856780000
32.000000000000 8.000000000000 4.000000000000 0.009736880000
16.000000000000 8.000000000000 128.000000000000 0.011640340000
32.000000000000 32.000000000000 16.000000000000 0.008649520000
4.000000000000 8.000000000000 128.000000000000 0.012713060000
64.000000000000 16.000000000000 16.000000000000 0.010114060000
64.000000000000 8.000000000000 8.000000000000 0.009970940000
32.000000000000 32.000000000000 32.000000000000 0.006787700000
32.000000000000 8.000000000000 128.000000000000 0.011541980000
4.000000000000 8.000000000000 8.000000000000 0.010213960000
32.000000000000 4.000000000000 4.000000000000 0.011739680000
4.000000000000 16.000000000000 8.000000000000 0.011352460000
16.000000000000 8.000000000000 4.000000000000 0.010142540000
32.000000000000 32.000000000000 8.000000000000 0.014617680000
64.000000000000 8.000000000000 4.000000000000 0.012053320000
8.000000000000 64.000000000000 16.000000000000 0.076667500000
16.000000000000 64.000000000000 16.000000000000 0.084695000000
32.000000000000 2.000000000000 16.000000000000 0.014402740000
8.000000000000 8.000000000000 4.000000000000 0.010577480000
32.000000000000 2.000000000000 4.000000000000 0.016351780000
32.000000000000 16.000000000000 4.000000000000 0.016430160000
2.000000000000 32.000000000000 16.000000000000 0.015342840000
16.000000000000 16.000000000000 4.000000000000 0.017958320000
128.000000000000 8.000000000000 16.000000000000 0.009218940000
4.000000000000 4.000000000000 64.000000000000 0.013178820000
16.000000000000 4.000000000000 4.000000000000 0.012136920000
16.000000000000 32.000000000000 8.000000000000 0.014401660000
32.000000000000 2.000000000000 8.000000000000 0.013982440000
64.000000000000 4.000000000000 64.000000000000 0.012629520000
64.000000000000 4.000000000000 4.000000000000 0.014241360000
8.000000000000 4.000000000000 128.000000000000 0.018859640000
128.000000000000 8.000000000000 4.000000000000 0.012654700000
16.000000000000 4.000000000000 128.000000000000 0.019407700000
32.000000000000 4.000000000000 128.000000000000 0.019084960000
64.000000000000 8.000000000000 64.000000000000 0.008649120000
4.000000000000 64.000000000000 16.000000000000 0.078846200000
4.000000000000 32.000000000000 8.000000000000 0.016180740000
32.000000000000 8.000000000000 2.000000000000 0.016107080000
2.000000000000 16.000000000000 8.000000000000 0.013133100000
4.000000000000 8.000000000000 4.000000000000 0.012373220000
32.000000000000 4.000000000000 2.000000000000 0.016477100000
64.000000000000 16.000000000000 32.000000000000 0.007692260000
8.000000000000 16.000000000000 4.000000000000 0.016189560000
32.000000000000 2.000000000000 32.000000000000 0.018926240000
64.000000000000 8.000000000000 128.000000000000 0.015486460000
8.000000000000 4.000000000000 256.000000000000 0.020178920000
8.000000000000 2.000000000000 16.000000000000 0.016662000000
2.000000000000 8.000000000000 128.000000000000 0.014815780000
2.000000000000 32.000000000000 8.000000000000 0.019550200000
64.000000000000 1.000000000000 4.000000000000 0.010242020000
32.000000000000 1.000000000000 4.000000000000 0.008571100000
4.000000000000 4.000000000000 128.000000000000 0.020586080000
128.000000000000 8.000000000000 32.000000000000 0.008865680000
32.000000000000 1.000000000000 8.000000000000 0.008663340000
1.000000000000 16.000000000000 64.000000000000 0.014441880000
4.000000000000 16.000000000000 4.000000000000 0.018023460000
16.000000000000 4.000000000000 256.000000000000 0.021159900000
64.000000000000 16.000000000000 64.000000000000 0.007038720000
128.000000000000 8.000000000000 64.000000000000 0.008707540000
128.000000000000 1.000000000000 4.000000000000 0.009421980000
64.000000000000 32.000000000000 16.000000000000 0.011340960000
128.000000000000 1.000000000000 2.000000000000 0.010276560000
128.000000000000 16.000000000000 32.000000000000 0.007473820000
128.000000000000 16.000000000000 16.000000000000 0.010545400000
128.000000000000 16.000000000000 64.000000000000 0.006543480000
32.000000000000 1.000000000000 2.000000000000 0.010117960000
8.000000000000 32.000000000000 64.000000000000 1000000000.000000000000
128.000000000000 4.000000000000 64.000000000000 0.012067200000
64.000000000000 32.000000000000 32.000000000000 0.008340020000
128.000000000000 1.000000000000 1.000000000000 0.010755720000
32.000000000000 1.000000000000 1.000000000000 0.011769520000
16.000000000000 32.000000000000 64.000000000000 1000000000.000000000000
32.000000000000 1.000000000000 16.000000000000 0.024229600000
64.000000000000 1.000000000000 2.000000000000 0.011215180000
128.000000000000 32.000000000000 32.000000000000 0.008038380000
16.000000000000 2.000000000000 16.000000000000 0.015139860000
128.000000000000 4.000000000000 16.000000000000 0.010481500000
16.000000000000 2.000000000000 8.000000000000 0.015239820000
128.000000000000 8.000000000000 128.000000000000 0.014351580000
64.000000000000 2.000000000000 4.000000000000 0.021355660000
128.000000000000 4.000000000000 32.000000000000 0.012568000000
64.000000000000 1.000000000000 1.000000000000 0.013552380000
64.000000000000 1.000000000000 8.000000000000 0.009921900000
16.000000000000 1.000000000000 4.000000000000 0.010728780000
4.000000000000 32.000000000000 64.000000000000 1000000000.000000000000
128.000000000000 2.000000000000 2.000000000000 0.027951100000
16.000000000000 2.000000000000 4.000000000000 0.017591260000
32.000000000000 2.000000000000 2.000000000000 0.022332420000
128.000000000000 32.000000000000 16.000000000000 0.012137720000
16.000000000000 1.000000000000 8.000000000000 0.010310940000
256.000000000000 16.000000000000 32.000000000000 0.013719180000
2.000000000000 8.000000000000 4.000000000000 0.014123800000
1.000000000000 32.000000000000 16.000000000000 0.016237520000
128.000000000000 1.000000000000 8.000000000000 0.009335840000
256.000000000000 1.000000000000 2.000000000000 0.018665520000
32.000000000000 32.000000000000 64.000000000000 1000000000.000000000000
128.000000000000 4.000000000000 4.000000000000 0.014443780000
256.000000000000 512.000000000000 256.000000000000 1000000000.000000000000
512.000000000000 512.000000000000 4.000000000000 1000000000.000000000000
32.000000000000 1.000000000000 32.000000000000 0.035000400000
64.000000000000 256.000000000000 512.000000000000 1000000000.000000000000
4.000000000000 32.000000000000 512.000000000000 1000000000.000000000000
128.000000000000 8.000000000000 1.000000000000 0.033727860000
4.000000000000 8.000000000000 1.000000000000 0.023712880000
64.000000000000 1.000000000000 256.000000000000 0.094897360000
4.000000000000 512.000000000000 128.000000000000 1000000000.000000000000
2.000000000000 512.000000000000 8.000000000000 1000000000.000000000000
8.000000000000 8.000000000000 1.000000000000 0.025247720000
8.000000000000 128.000000000000 1.000000000000 0.167923360000
1.000000000000 8.000000000000 4.000000000000 0.018822580000
512.000000000000 4.000000000000 64.000000000000 0.028427840000
256.000000000000 1.000000000000 16.000000000000 0.057790580000
4.000000000000 256.000000000000 1.000000000000 0.183774780000
512.000000000000 64.000000000000 16.000000000000 0.426264420000
64.000000000000 128.000000000000 2.000000000000 0.190705800000
2.000000000000 32.000000000000 64.000000000000 1000000000.000000000000
16.000000000000 512.000000000000 64.000000000000 1000000000.000000000000
256.000000000000 32.000000000000 8.000000000000 0.038067180000
2.000000000000 16.000000000000 2.000000000000 0.021771400000
32.000000000000 64.000000000000 256.000000000000 1000000000.000000000000
32.000000000000 256.000000000000 64.000000000000 1000000000.000000000000
512.000000000000 1.000000000000 64.000000000000 0.028828180000
2.000000000000 1.000000000000 512.000000000000 0.074647520000
256.000000000000 32.000000000000 256.000000000000 1000000000.000000000000
64.000000000000 64.000000000000 512.000000000000 1000000000.000000000000
4.000000000000 512.000000000000 8.000000000000 1000000000.000000000000
128.000000000000 4.000000000000 256.000000000000 0.025130520000
1.000000000000 1.000000000000 32.000000000000 0.078769420000
4.000000000000 256.000000000000 8.000000000000 1000000000.000000000000
256.000000000000 16.000000000000 64.000000000000 0.012460360000
256.000000000000 8.000000000000 64.000000000000 0.015186560000
8.000000000000 1.000000000000 4.000000000000 0.027081740000
8.000000000000 1.000000000000 8.000000000000 0.015135900000
128.000000000000 1.000000000000 64.000000000000 0.041964200000
256.000000000000 32.000000000000 32.000000000000 0.015968160000
256.000000000000 8.000000000000 32.000000000000 0.016270140000
64.000000000000 32.000000000000 8.000000000000 0.019461740000
512.000000000000 1.000000000000 4.000000000000 0.012093100000
128.000000000000 32.000000000000 8.000000000000 0.021358900000
128.000000000000 2.000000000000 32.000000000000 0.022385360000
16.000000000000 1.000000000000 1.000000000000 0.034314440000
256.000000000000 1.000000000000 4.000000000000 0.016355440000
128.000000000000 1.000000000000 16.000000000000 0.032312260000
128.000000000000 2.000000000000 4.000000000000 0.021149780000
128.000000000000 16.000000000000 4.000000000000 0.023075180000
256.000000000000 1.000000000000 8.000000000000 0.015057080000
1.000000000000 32.000000000000 32.000000000000 0.015912960000
64.000000000000 16.000000000000 4.000000000000 0.021372500000
2.000000000000 1.000000000000 8.000000000000 0.048147420000
128.000000000000 1.000000000000 32.000000000000 0.042073400000
128.000000000000 2.000000000000 64.000000000000 0.022719260000
4.000000000000 1.000000000000 8.000000000000 0.034675680000
512.000000000000 4.000000000000 4.000000000000 0.021248060000
2.000000000000 16.000000000000 1.000000000000 0.035564340000
8.000000000000 512.000000000000 8.000000000000 1000000000.000000000000
4.000000000000 2.000000000000 1.000000000000 0.034994820000
1.000000000000 1.000000000000 2.000000000000 0.079292260000
8.000000000000 2.000000000000 2.000000000000 0.021922180000
64.000000000000 32.000000000000 256.000000000000 1000000000.000000000000
16.000000000000 256.000000000000 256.000000000000 1000000000.000000000000
128.000000000000 512.000000000000 2.000000000000 1000000000.000000000000
256.000000000000 8.000000000000 128.000000000000 0.022641860000
4.000000000000 1.000000000000 512.000000000000 0.075625660000
256.000000000000 128.000000000000 1.000000000000 0.392652840000
16.000000000000 64.000000000000 256.000000000000 1000000000.000000000000
32.000000000000 64.000000000000 128.000000000000 1000000000.000000000000
32.000000000000 1.000000000000 512.000000000000 0.076090220000
4.000000000000 64.000000000000 8.000000000000 0.080128700000
32.000000000000 16.000000000000 2.000000000000 0.031700500000
512.000000000000 16.000000000000 64.000000000000 0.014021300000
512.000000000000 8.000000000000 256.000000000000 1000000000.000000000000
1.000000000000 4.000000000000 128.000000000000 0.024700560000
4.000000000000 64.000000000000 1.000000000000 0.103368280000
2.000000000000 64.000000000000 128.000000000000 1000000000.000000000000
64.000000000000 128.000000000000 64.000000000000 1000000000.000000000000
4.000000000000 512.000000000000 256.000000000000 1000000000.000000000000
512.000000000000 8.000000000000 64.000000000000 0.017653580000
64.000000000000 8.000000000000 2.000000000000 0.019010220000
128.000000000000 16.000000000000 128.000000000000 1000000000.000000000000
8.000000000000 512.000000000000 32.000000000000 1000000000.000000000000
8.000000000000 2.000000000000 64.000000000000 0.020531420000
128.000000000000 32.000000000000 1.000000000000 0.154726680000
1.000000000000 16.000000000000 256.000000000000 1000000000.000000000000
1.000000000000 32.000000000000 512.000000000000 1000000000.000000000000
2.000000000000 512.000000000000 4.000000000000 1000000000.000000000000
2.000000000000 64.000000000000 512.000000000000 1000000000.000000000000
128.000000000000 256.000000000000 8.000000000000 1000000000.000000000000
512.000000000000 256.000000000000 256.000000000000 1000000000.000000000000
1.000000000000 2.000000000000 8.000000000000 0.043195680000
256.000000000000 16.000000000000 16.000000000000 0.017531700000
256.000000000000 4.000000000000 8.000000000000 0.021500020000
64.000000000000 2.000000000000 1.000000000000 0.043028720000
64.000000000000 2.000000000000 2.000000000000 0.027874960000
16.000000000000 1.000000000000 2.000000000000 0.028336280000
256.000000000000 8.000000000000 16.000000000000 0.016006240000
256.000000000000 1.000000000000 1.000000000000 0.017759880000
128.000000000000 2.000000000000 1.000000000000 0.040691580000
64.000000000000 4.000000000000 1.000000000000 0.032902680000
16.000000000000 4.000000000000 2.000000000000 0.017527560000
128.000000000000 4.000000000000 1.000000000000 0.034520120000
32.000000000000 4.000000000000 1.000000000000 0.026638160000
256.000000000000 4.000000000000 4.000000000000 0.027107500000
256.000000000000 4.000000000000 16.000000000000 0.022170100000
128.000000000000 2.000000000000 16.000000000000 0.018960720000
64.000000000000 4.000000000000 2.000000000000 0.020411520000
4.000000000000 4.000000000000 4.000000000000 0.014029460000
2.000000000000 4.000000000000 32.000000000000 0.017158840000
2.000000000000 16.000000000000 4.000000000000 0.015287600000
256.000000000000 16.000000000000 8.000000000000 0.026455160000
2.000000000000 4.000000000000 64.000000000000 0.017831640000
16.000000000000 2.000000000000 2.000000000000 0.023629880000
32.000000000000 2.000000000000 1.000000000000 0.032092000000
16.000000000000 1.000000000000 32.000000000000 0.037827040000
128.000000000000 4.000000000000 2.000000000000 0.020264900000
8.000000000000 4.000000000000 2.000000000000 0.018049100000
32.000000000000 2.000000000000 64.000000000000 0.018198500000
64.000000000000 2.000000000000 32.000000000000 0.022457340000
8.000000000000 2.000000000000 32.000000000000 0.022093300000
8.000000000000 2.000000000000 4.000000000000 0.019189320000
2.000000000000 4.000000000000 8.000000000000 0.018281000000
256.000000000000 4.000000000000 64.000000000000 0.023507460000
256.000000000000 32.000000000000 16.000000000000 0.022178020000
64.000000000000 1.000000000000 32.000000000000 0.043065320000
512.000000000000 8.000000000000 32.000000000000 0.018532660000
256.000000000000 4.000000000000 32.000000000000 0.024487520000
8.000000000000 4.000000000000 1.000000000000 0.024148240000
64.000000000000 8.000000000000 1.000000000000 0.033576760000
4.000000000000 8.000000000000 2.000000000000 0.014963240000
4.000000000000 2.000000000000 512.000000000000 0.043002220000
4.000000000000 128.000000000000 8.000000000000 0.128936400000
16.000000000000 512.000000000000 1.000000000000 1000000000.000000000000
16.000000000000 128.000000000000 128.000000000000 1000000000.000000000000
512.000000000000 16.000000000000 2.000000000000 0.060093500000
16.000000000000 1.000000000000 256.000000000000 0.077991800000
4.000000000000 16.000000000000 512.000000000000 1000000000.000000000000
64.000000000000 256.000000000000 64.000000000000 1000000000.000000000000
2.000000000000 1.000000000000 16.000000000000 0.046705440000
2.000000000000 32.000000000000 256.000000000000 1000000000.000000000000
128.000000000000 128.000000000000 64.000000000000 1000000000.000000000000
256.000000000000 128.000000000000 32.000000000000 1000000000.000000000000
2.000000000000 2.000000000000 8.000000000000 0.030918920000
1.000000000000 4.000000000000 64.000000000000 0.024869280000
8.000000000000 256.000000000000 4.000000000000 1000000000.000000000000
8.000000000000 32.000000000000 512.000000000000 1000000000.000000000000
32.000000000000 128.000000000000 256.000000000000 1000000000.000000000000
64.000000000000 1.000000000000 512.000000000000 0.099608480000
512.000000000000 256.000000000000 128.000000000000 1000000000.000000000000
2.000000000000 32.000000000000 2.000000000000 0.046194760000
16.000000000000 128.000000000000 256.000000000000 1000000000.000000000000
1.000000000000 8.000000000000 128.000000000000 0.017314660000
8.000000000000 8.000000000000 2.000000000000 0.015560920000
512.000000000000 16.000000000000 32.000000000000 0.013641160000
512.000000000000 1.000000000000 2.000000000000 0.013998660000
256.000000000000 8.000000000000 4.000000000000 0.024120240000
512.000000000000 8.000000000000 16.000000000000 0.016425580000
2.000000000000 4.000000000000 128.000000000000 0.022332520000
512.000000000000 1.000000000000 1.000000000000 0.015722520000
16.000000000000 32.000000000000 4.000000000000 0.025254680000
32.000000000000 32.000000000000 4.000000000000 0.024946980000
512.000000000000 8.000000000000 8.000000000000 0.014415800000
64.000000000000 4.000000000000 128.000000000000 0.024089840000
32.000000000000 1.000000000000 64.000000000000 0.034713520000
4.000000000000 16.000000000000 2.000000000000 0.027202200000
512.000000000000 16.000000000000 16.000000000000 0.020448060000
1.000000000000 32.000000000000 8.000000000000 0.017410000000
8.000000000000 16.000000000000 2.000000000000 0.028317100000
16.000000000000 1.000000000000 64.000000000000 0.035798500000
4.000000000000 32.000000000000 4.000000000000 0.024793820000
128.000000000000 8.000000000000 2.000000000000 0.020013920000
1.000000000000 16.000000000000 4.000000000000 0.016232420000
128.000000000000 4.000000000000 128.000000000000 0.022618200000
512.000000000000 1.000000000000 8.000000000000 0.012011220000
32.000000000000 8.000000000000 1.000000000000 0.025877900000
4.000000000000 2.000000000000 8.000000000000 0.019799720000
512.000000000000 4.000000000000 16.000000000000 0.019651660000
512.000000000000 8.000000000000 4.000000000000 0.018356120000
8.000000000000 1.000000000000 16.000000000000 0.027020400000
4.000000000000 1.000000000000 4.000000000000 0.036043260000
4.000000000000 4.000000000000 256.000000000000 0.021474880000
64.000000000000 2.000000000000 64.000000000000 0.022996680000
32.000000000000 8.000000000000 256.000000000000 1000000000.000000000000
8.000000000000 128.000000000000 2.000000000000 0.142252100000
32.000000000000 64.000000000000 4.000000000000 0.098061560000
512.000000000000 4.000000000000 128.000000000000 0.051834560000
1.000000000000 256.000000000000 1.000000000000 0.082569420000
256.000000000000 64.000000000000 4.000000000000 0.259021680000
4.000000000000 128.000000000000 256.000000000000 1000000000.000000000000
2.000000000000 128.000000000000 16.000000000000 1000000000.000000000000
512.000000000000 64.000000000000 256.000000000000 1000000000.000000000000
64.000000000000 2.000000000000 128.000000000000 0.046494320000
2.000000000000 16.000000000000 256.000000000000 1000000000.000000000000
2.000000000000 8.000000000000 1.000000000000 0.027851440000
64.000000000000 256.000000000000 1.000000000000 0.221371260000
32.000000000000 256.000000000000 8.000000000000 1000000000.000000000000
16.000000000000 128.000000000000 2.000000000000 0.154229100000
2.000000000000 4.000000000000 512.000000000000 1000000000.000000000000
64.000000000000 256.000000000000 256.000000000000 1000000000.000000000000
1.000000000000 2.000000000000 16.000000000000 0.041232120000
32.000000000000 32.000000000000 128.000000000000 1000000000.000000000000
256.000000000000 256.000000000000 16.000000000000 1000000000.000000000000
16.000000000000 512.000000000000 32.000000000000 1000000000.000000000000
32.000000000000 128.000000000000 4.000000000000 0.135434280000
128.000000000000 8.000000000000 512.000000000000 1000000000.000000000000
2.000000000000 128.000000000000 1.000000000000 0.186749260000
8.000000000000 2.000000000000 256.000000000000 0.040999260000
256.000000000000 64.000000000000 256.000000000000 1000000000.000000000000
16.000000000000 32.000000000000 1.000000000000 0.094932100000
2.000000000000 128.000000000000 64.000000000000 1000000000.000000000000
32.000000000000 256.000000000000 4.000000000000 1000000000.000000000000
256.000000000000 64.000000000000 32.000000000000 1000000000.000000000000
16.000000000000 64.000000000000 64.000000000000 1000000000.000000000000
64.000000000000 128.000000000000 512.000000000000 1000000000.000000000000
16.000000000000 512.000000000000 4.000000000000 1000000000.000000000000
8.000000000000 32.000000000000 256.000000000000 1000000000.000000000000
1.000000000000 4.000000000000 1.000000000000 0.031098440000
2.000000000000 2.000000000000 2.000000000000 0.033939500000
32.000000000000 512.000000000000 256.000000000000 1000000000.000000000000
1.000000000000 1.000000000000 512.000000000000 0.022441700000
512.000000000000 32.000000000000 4.000000000000 0.079064380000
512.000000000000 2.000000000000 8.000000000000 0.026285860000
1.000000000000 64.000000000000 32.000000000000 1000000000.000000000000
512.000000000000 32.000000000000 32.000000000000 0.014765420000
512.000000000000 4.000000000000 8.000000000000 0.015968220000
2.000000000000 8.000000000000 2.000000000000 0.018328080000
128.000000000000 128.000000000000 32.000000000000 1000000000.000000000000
4.000000000000 64.000000000000 128.000000000000 1000000000.000000000000
1.000000000000 64.000000000000 2.000000000000 0.031273080000
256.000000000000 8.000000000000 1.000000000000 0.060798280000
4.000000000000 256.000000000000 256.000000000000 1000000000.000000000000
1.000000000000 64.000000000000 4.000000000000 0.029625520000
32.000000000000 128.000000000000 16.000000000000 1000000000.000000000000
1.000000000000 256.000000000000 128.000000000000 1000000000.000000000000
4.000000000000 64.000000000000 256.000000000000 1000000000.000000000000
8.000000000000 64.000000000000 4.000000000000 0.085484780000
8.000000000000 512.000000000000 1.000000000000 1000000000.000000000000
256.000000000000 512.000000000000 512.000000000000 1000000000.000000000000
32.000000000000 256.000000000000 32.000000000000 1000000000.000000000000
128.000000000000 64.000000000000 512.000000000000 1000000000.000000000000
128.000000000000 32.000000000000 4.000000000000 0.038200580000
32.000000000000 32.000000000000 256.000000000000 1000000000.000000000000
128.000000000000 16.000000000000 256.000000000000 1000000000.000000000000
128.000000000000 32.000000000000 2.000000000000 0.076624160000
512.000000000000 512.000000000000 64.000000000000 1000000000.000000000000
128.000000000000 8.000000000000 256.000000000000 1000000000.000000000000
4.000000000000 128.000000000000 64.000000000000 1000000000.000000000000
2.000000000000 256.000000000000 8.000000000000 1000000000.000000000000
8.000000000000 1.000000000000 32.000000000000 0.037637740000
128.000000000000 128.000000000000 512.000000000000 1000000000.000000000000
256.000000000000 256.000000000000 256.000000000000 1000000000.000000000000
16.000000000000 512.000000000000 16.000000000000 1000000000.000000000000
512.000000000000 1.000000000000 32.000000000000 0.021094460000
2.000000000000 2.000000000000 1.000000000000 0.040753220000
1.000000000000 128.000000000000 128.000000000000 1000000000.000000000000
128.000000000000 32.000000000000 256.000000000000 1000000000.000000000000
256.000000000000 512.000000000000 16.000000000000 1000000000.000000000000
128.000000000000 64.000000000000 16.000000000000 0.116005360000
512.000000000000 8.000000000000 128.000000000000 0.029728720000
16.000000000000 128.000000000000 4.000000000000 0.139110700000
512.000000000000 8.000000000000 1.000000000000 0.055309140000
2.000000000000 2.000000000000 512.000000000000 0.040076960000
256.000000000000 2.000000000000 1.000000000000 0.072039000000
64.000000000000 512.000000000000 512.000000000000 1000000000.000000000000
1.000000000000 32.000000000000 4.000000000000 0.020111440000
32.000000000000 64.000000000000 8.000000000000 0.087760040000
4.000000000000 4.000000000000 1.000000000000 0.028683740000
8.000000000000 256.000000000000 2.000000000000 0.142935840000
128.000000000000 64.000000000000 64.000000000000 1000000000.000000000000
1.000000000000 256.000000000000 8.000000000000 1000000000.000000000000
1.000000000000 512.000000000000 64.000000000000 1000000000.000000000000
1.000000000000 128.000000000000 16.000000000000 1000000000.000000000000
512.000000000000 1.000000000000 128.000000000000 0.044974200000
512.000000000000 512.000000000000 16.000000000000 1000000000.000000000000
4.000000000000 512.000000000000 1.000000000000 1000000000.000000000000
512.000000000000 64.000000000000 512.000000000000 1000000000.000000000000
2.000000000000 128.000000000000 128.000000000000 1000000000.000000000000
128.000000000000 128.000000000000 4.000000000000 0.176054560000
4.000000000000 128.000000000000 4.000000000000 0.136177200000
4.000000000000 32.000000000000 256.000000000000 1000000000.000000000000
4.000000000000 16.000000000000 128.000000000000 1000000000.000000000000
1.000000000000 2.000000000000 128.000000000000 0.042421860000
16.000000000000 1.000000000000 128.000000000000 0.070068840000
512.000000000000 4.000000000000 32.000000000000 0.026205080000
16.000000000000 8.000000000000 1.000000000000 0.025388360000
16.000000000000 4.000000000000 1.000000000000 0.028029040000
32.000000000000 4.000000000000 256.000000000000 0.022302760000
2.000000000000 32.000000000000 4.000000000000 0.028668020000
4.000000000000 16.000000000000 1.000000000000 0.050445940000
4.000000000000 4.000000000000 2.000000000000 0.019000640000
1.000000000000 4.000000000000 8.000000000000 0.026504760000
512.000000000000 2.000000000000 4.000000000000 0.026066560000
1.000000000000 8.000000000000 2.000000000000 0.019829140000
1.000000000000 4.000000000000 16.000000000000 0.025735160000
1.000000000000 1.000000000000 4.000000000000 0.073832400000
1.000000000000 2.000000000000 1.000000000000 0.042092920000
512.000000000000 4.000000000000 2.000000000000 0.033759300000
4.000000000000 2.000000000000 32.000000000000 0.026689700000
32.000000000000 8.000000000000 512.000000000000 1000000000.000000000000
2.000000000000 1.000000000000 1.000000000000 0.051786180000
4.000000000000 2.000000000000 256.000000000000 0.039678660000
64.000000000000 64.000000000000 128.000000000000 1000000000.000000000000
8.000000000000 128.000000000000 128.000000000000 1000000000.000000000000
1.000000000000 512.000000000000 8.000000000000 1000000000.000000000000
8.000000000000 512.000000000000 16.000000000000 1000000000.000000000000
16.000000000000 256.000000000000 4.000000000000 1000000000.000000000000
32.000000000000 256.000000000000 128.000000000000 1000000000.000000000000
4.000000000000 4.000000000000 512.000000000000 1000000000.000000000000
1.000000000000 1.000000000000 64.000000000000 0.074452120000
8.000000000000 256.000000000000 512.000000000000 1000000000.000000000000
2.000000000000 4.000000000000 256.000000000000 0.023502100000
2.000000000000 128.000000000000 2.000000000000 0.158644980000
256.000000000000 16.000000000000 128.000000000000 1000000000.000000000000
32.000000000000 512.000000000000 4.000000000000 1000000000.000000000000
16.000000000000 64.000000000000 1.000000000000 0.110301280000
16.000000000000 256.000000000000 128.000000000000 1000000000.000000000000
1.000000000000 128.000000000000 512.000000000000 1000000000.000000000000
128.000000000000 512.000000000000 64.000000000000 1000000000.000000000000
16.000000000000 64.000000000000 2.000000000000 0.106603800000
16.000000000000 128.000000000000 16.000000000000 1000000000.000000000000
1.000000000000 512.000000000000 4.000000000000 1000000000.000000000000
4.000000000000 128.000000000000 32.000000000000 1000000000.000000000000
64.000000000000 256.000000000000 32.000000000000 1000000000.000000000000
16.000000000000 256.000000000000 32.000000000000 1000000000.000000000000
2.000000000000 256.000000000000 1.000000000000 0.196113600000
64.000000000000 128.000000000000 256.000000000000 1000000000.000000000000
8.000000000000 1.000000000000 128.000000000000 0.070136140000
2.000000000000 128.000000000000 8.000000000000 0.142695420000
1.000000000000 2.000000000000 2.000000000000 0.044257920000
8.000000000000 128.000000000000 512.000000000000 1000000000.000000000000
8.000000000000 64.000000000000 256.000000000000 1000000000.000000000000
16.000000000000 2.000000000000 1.000000000000 0.034583520000
128.000000000000 2.000000000000 128.000000000000 0.047092520000
16.000000000000 64.000000000000 8.000000000000 0.085193800000
512.000000000000 16.000000000000 1.000000000000 0.077846880000
64.000000000000 256.000000000000 2.000000000000 0.184166220000
64.000000000000 2.000000000000 256.000000000000 0.048380660000
256.000000000000 64.000000000000 64.000000000000 1000000000.000000000000
4.000000000000 128.000000000000 512.000000000000 1000000000.000000000000
512.000000000000 128.000000000000 512.000000000000 1000000000.000000000000
256.000000000000 2.000000000000 32.000000000000 0.039894620000
64.000000000000 32.000000000000 64.000000000000 1000000000.000000000000
128.000000000000 512.000000000000 1.000000000000 1000000000.000000000000
2.000000000000 4.000000000000 2.000000000000 0.023635580000
512.000000000000 1.000000000000 16.000000000000 0.014978380000
64.000000000000 1.000000000000 64.000000000000 0.042839600000
64.000000000000 4.000000000000 256.000000000000 0.025501340000
512.000000000000 32.000000000000 16.000000000000 0.021029780000
1.000000000000 8.000000000000 1.000000000000 0.026715700000
1.000000000000 16.000000000000 2.000000000000 0.018872660000
256.000000000000 2.000000000000 4.000000000000 0.039160140000
4.000000000000 2.000000000000 4.000000000000 0.023458620000
1.000000000000 4.000000000000 4.000000000000 0.026094360000
2.000000000000 4.000000000000 1.000000000000 0.032509880000
1.000000000000 32.000000000000 2.000000000000 0.023516380000
64.000000000000 32.000000000000 4.000000000000 0.034645960000
4.000000000000 2.000000000000 2.000000000000 0.026485960000
512.000000000000 2.000000000000 2.000000000000 0.034237640000
32.000000000000 2.000000000000 128.000000000000 0.036733620000
8.000000000000 1.000000000000 1.000000000000 0.034870220000
4.000000000000 2.000000000000 64.000000000000 0.023847140000
1.000000000000 16.000000000000 1.000000000000 0.026237640000
256.000000000000 2.000000000000 8.000000000000 0.027810500000
8.000000000000 1.000000000000 2.000000000000 0.029919960000
512.000000000000 8.000000000000 2.000000000000 0.030079160000
2.000000000000 2.000000000000 32.000000000000 0.030387580000
8.000000000000 32.000000000000 2.000000000000 0.043195160000
8.000000000000 1.000000000000 64.000000000000 0.038557920000
256.000000000000 16.000000000000 4.000000000000 0.041073660000
512.000000000000 16.000000000000 4.000000000000 0.046071700000
4.000000000000 1.000000000000 16.000000000000 0.031677580000
4.000000000000 1.000000000000 32.000000000000 0.046013160000
512.000000000000 2.000000000000 16.000000000000 0.033687920000
2.000000000000 2.000000000000 64.000000000000 0.029881880000
1.000000000000 4.000000000000 256.000000000000 0.025600800000
8.000000000000 128.000000000000 8.000000000000 0.123062640000
256.000000000000 64.000000000000 16.000000000000 0.214010060000
16.000000000000 256.000000000000 8.000000000000 1000000000.000000000000
64.000000000000 32.000000000000 1.000000000000 0.135228280000
128.000000000000 64.000000000000 32.000000000000 1000000000.000000000000
2.000000000000 16.000000000000 128.000000000000 1000000000.000000000000
8.000000000000 512.000000000000 64.000000000000 1000000000.000000000000
128.000000000000 64.000000000000 4.000000000000 0.140339780000
512.000000000000 128.000000000000 64.000000000000 1000000000.000000000000
4.000000000000 512.000000000000 16.000000000000 1000000000.000000000000
256.000000000000 32.000000000000 64.000000000000 1000000000.000000000000
16.000000000000 512.000000000000 128.000000000000 1000000000.000000000000
1.000000000000 32.000000000000 256.000000000000 1000000000.000000000000
128.000000000000 128.000000000000 128.000000000000 1000000000.000000000000
2.000000000000 512.000000000000 512.000000000000 1000000000.000000000000
1.000000000000 2.000000000000 256.000000000000 0.041256660000
4.000000000000 256.000000000000 16.000000000000 1000000000.000000000000
256.000000000000 256.000000000000 128.000000000000 1000000000.000000000000
256.000000000000 512.000000000000 128.000000000000 1000000000.000000000000
512.000000000000 4.000000000000 256.000000000000 0.051304540000
32.000000000000 4.000000000000 512.000000000000 1000000000.000000000000
32.000000000000 64.000000000000 16.000000000000 0.084461860000
16.000000000000 512.000000000000 256.000000000000 1000000000.000000000000
256.000000000000 1.000000000000 32.000000000000 0.073515300000
512.000000000000 16.000000000000 256.000000000000 1000000000.000000000000
16.000000000000 16.000000000000 512.000000000000 1000000000.000000000000
128.000000000000 256.000000000000 4.000000000000 1000000000.000000000000
2.000000000000 256.000000000000 256.000000000000 1000000000.000000000000
256.000000000000 4.000000000000 512.000000000000 1000000000.000000000000
128.000000000000 64.000000000000 8.000000000000 0.123974060000
256.000000000000 256.000000000000 1.000000000000 0.371539680000
4.000000000000 512.000000000000 2.000000000000 1000000000.000000000000
16.000000000000 16.000000000000 1.000000000000 0.055136800000
16.000000000000 128.000000000000 1.000000000000 0.180124420000
1.000000000000 512.000000000000 128.000000000000 1000000000.000000000000
1.000000000000 4.000000000000 512.000000000000 1000000000.000000000000
1.000000000000 64.000000000000 8.000000000000 0.025574400000
4.000000000000 32.000000000000 128.000000000000 1000000000.000000000000
32.000000000000 32.000000000000 2.000000000000 0.049823540000
4.000000000000 8.000000000000 256.000000000000 1000000000.000000000000
256.000000000000 2.000000000000 2.000000000000 0.049267000000
512.000000000000 2.000000000000 32.000000000000 0.048160740000
1.000000000000 32.000000000000 1.000000000000 0.031988580000
8.000000000000 2.000000000000 1.000000000000 0.029030420000
16.000000000000 2.000000000000 128.000000000000 0.038587360000
2.000000000000 32.000000000000 1.000000000000 0.087280880000
2.000000000000 2.000000000000 4.000000000000 0.031779200000
8.000000000000 2.000000000000 128.000000000000 0.037306060000
64.000000000000 32.000000000000 128.000000000000 1000000000.000000000000
128.000000000000 128.000000000000 1.000000000000 0.229533700000
256.000000000000 16.000000000000 512.000000000000 1000000000.000000000000
64.000000000000 512.000000000000 2.000000000000 1000000000.000000000000
512.000000000000 64.000000000000 8.000000000000 0.425497100000
4.000000000000 1.000000000000 64.000000000000 0.045966540000
128.000000000000 256.000000000000 256.000000000000 1000000000.000000000000
128.000000000000 32.000000000000 512.000000000000 1000000000.000000000000
4.000000000000 256.000000000000 2.000000000000 0.151208060000
256.000000000000 32.000000000000 2.000000000000 0.130038260000
8.000000000000 64.000000000000 8.000000000000 0.076312720000
2.000000000000 2.000000000000 256.000000000000 0.041181100000
8.000000000000 128.000000000000 4.000000000000 0.127316820000
256.000000000000 32.000000000000 128.000000000000 1000000000.000000000000
256.000000000000 1.000000000000 128.000000000000 0.134728120000
32.000000000000 128.000000000000 128.000000000000 1000000000.000000000000
32.000000000000 128.000000000000 32.000000000000 1000000000.000000000000
1.000000000000 512.000000000000 16.000000000000 1000000000.000000000000
128.000000000000 128.000000000000 256.000000000000 1000000000.000000000000
16.000000000000 32.000000000000 256.000000000000 1000000000.000000000000
2.000000000000 32.000000000000 128.000000000000 1000000000.000000000000
2.000000000000 16.000000000000 512.000000000000 1000000000.000000000000
64.000000000000 64.000000000000 16.000000000000 0.111641080000
256.000000000000 16.000000000000 2.000000000000 0.067675620000
256.000000000000 2.000000000000 64.000000000000 0.044086400000
32.000000000000 512.000000000000 2.000000000000 1000000000.000000000000
32.000000000000 64.000000000000 32.000000000000 1000000000.000000000000
2.000000000000 512.000000000000 32.000000000000 1000000000.000000000000
128.000000000000 16.000000000000 1.000000000000 0.067349600000
128.000000000000 2.000000000000 512.000000000000 1000000000.000000000000
8.000000000000 128.000000000000 16.000000000000 1000000000.000000000000
256.000000000000 32.000000000000 512.000000000000 1000000000.000000000000
4.000000000000 256.000000000000 32.000000000000 1000000000.000000000000
128.000000000000 128.000000000000 8.000000000000 0.169389340000
512.000000000000 1.000000000000 512.000000000000 0.204092400000
64.000000000000 256.000000000000 4.000000000000 1000000000.000000000000
1.000000000000 512.000000000000 512.000000000000 1000000000.000000000000
64.000000000000 512.000000000000 128.000000000000 1000000000.000000000000
2.000000000000 256.000000000000 16.000000000000 1000000000.000000000000
2.000000000000 256.000000000000 64.000000000000 1000000000.000000000000
16.000000000000 16.000000000000 128.000000000000 1000000000.000000000000
512.000000000000 512.000000000000 256.000000000000 1000000000.000000000000
512.000000000000 512.000000000000 2.000000000000 1000000000.000000000000
512.000000000000 512.000000000000 1.000000000000 1000000000.000000000000
1.000000000000 256.000000000000 256.000000000000 1000000000.000000000000
256.000000000000 512.000000000000 2.000000000000 1000000000.000000000000
16.000000000000 2.000000000000 256.000000000000 0.040101880000
8.000000000000 256.000000000000 128.000000000000 1000000000.000000000000
256.000000000000 128.000000000000 256.000000000000 1000000000.000000000000
16.000000000000 8.000000000000 512.000000000000 1000000000.000000000000
128.000000000000 512.000000000000 32.000000000000 1000000000.000000000000
64.000000000000 32.000000000000 2.000000000000 0.067518440000
32.000000000000 512.000000000000 32.000000000000 1000000000.000000000000
1.000000000000 8.000000000000 512.000000000000 1000000000.000000000000
128.000000000000 512.000000000000 16.000000000000 1000000000.000000000000
1.000000000000 256.000000000000 64.000000000000 1000000000.000000000000
4.000000000000 128.000000000000 16.000000000000 1000000000.000000000000
256.000000000000 4.000000000000 256.000000000000 1000000000.000000000000
8.000000000000 128.000000000000 32.000000000000 1000000000.000000000000
128.000000000000 64.000000000000 128.000000000000 1000000000.000000000000
64.000000000000 128.000000000000 8.000000000000 0.166716060000
16.000000000000 128.000000000000 64.000000000000 1000000000.000000000000
32.000000000000 512.000000000000 64.000000000000 1000000000.000000000000
1.000000000000 128.000000000000 256.000000000000 1000000000.000000000000
2.000000000000 64.000000000000 8.000000000000 0.082874280000
2.000000000000 64.000000000000 2.000000000000 0.098975120000
8.000000000000 256.000000000000 16.000000000000 1000000000.000000000000
64.000000000000 512.000000000000 4.000000000000 1000000000.000000000000
1.000000000000 512.000000000000 2.000000000000 1000000000.000000000000
256.000000000000 128.000000000000 4.000000000000 0.332936840000
4.000000000000 1.000000000000 256.000000000000 0.076462320000
512.000000000000 1.000000000000 256.000000000000 0.219808080000
64.000000000000 1.000000000000 128.000000000000 0.085856960000
32.000000000000 32.000000000000 1.000000000000 0.098658120000
128.000000000000 512.000000000000 128.000000000000 1000000000.000000000000
512.000000000000 256.000000000000 2.000000000000 1000000000.000000000000
256.000000000000 64.000000000000 512.000000000000 1000000000.000000000000
256.000000000000 1.000000000000 64.000000000000 0.082910360000
2.000000000000 128.000000000000 256.000000000000 1000000000.000000000000
1.000000000000 1.000000000000 256.000000000000 0.075968340000
1.000000000000 256.000000000000 32.000000000000 1000000000.000000000000
2.000000000000 64.000000000000 16.000000000000 0.087266480000
8.000000000000 256.000000000000 1.000000000000 0.169113320000
1.000000000000 64.000000000000 64.000000000000 1000000000.000000000000
8.000000000000 32.000000000000 1.000000000000 0.085797940000
2.000000000000 1.000000000000 256.000000000000 0.078214200000
4.000000000000 256.000000000000 512.000000000000 1000000000.000000000000
256.000000000000 64.000000000000 128.000000000000 1000000000.000000000000
16.000000000000 256.000000000000 512.000000000000 1000000000.000000000000
512.000000000000 512.000000000000 8.000000000000 1000000000.000000000000
8.000000000000 16.000000000000 1.000000000000 0.046638920000
128.000000000000 32.000000000000 64.000000000000 1000000000.000000000000
2.000000000000 64.000000000000 256.000000000000 1000000000.000000000000
64.000000000000 64.000000000000 4.000000000000 0.137520120000
4.000000000000 64.000000000000 64.000000000000 1000000000.000000000000
512.000000000000 32.000000000000 2.000000000000 0.160673560000
512.000000000000 32.000000000000 256.000000000000 1000000000.000000000000
16.000000000000 128.000000000000 32.000000000000 1000000000.000000000000
256.000000000000 256.000000000000 2.000000000000 0.325260140000
512.000000000000 64.000000000000 2.000000000000 0.330882760000
8.000000000000 16.000000000000 128.000000000000 1000000000.000000000000
64.000000000000 512.000000000000 8.000000000000 1000000000.000000000000
256.000000000000 128.000000000000 16.000000000000 1000000000.000000000000
4.000000000000 8.000000000000 512.000000000000 1000000000.000000000000
256.000000000000 512.000000000000 8.000000000000 1000000000.000000000000
16.000000000000 512.000000000000 2.000000000000 1000000000.000000000000
16.000000000000 512.000000000000 512.000000000000 1000000000.000000000000
1.000000000000 1.000000000000 16.000000000000 0.072476080000
64.000000000000 64.000000000000 2.000000000000 0.161664940000
32.000000000000 16.000000000000 128.000000000000 1000000000.000000000000
512.000000000000 32.000000000000 512.000000000000 1000000000.000000000000
32.000000000000 1.000000000000 256.000000000000 0.079030220000
256.000000000000 4.000000000000 2.000000000000 0.042010520000
1.000000000000 2.000000000000 64.000000000000 0.042204100000
2.000000000000 2.000000000000 16.000000000000 0.027634760000
2.000000000000 128.000000000000 512.000000000000 1000000000.000000000000
256.000000000000 256.000000000000 4.000000000000 1000000000.000000000000
4.000000000000 16.000000000000 256.000000000000 1000000000.000000000000
1.000000000000 8.000000000000 256.000000000000 1000000000.000000000000
8.000000000000 512.000000000000 128.000000000000 1000000000.000000000000
64.000000000000 512.000000000000 64.000000000000 1000000000.000000000000
2.000000000000 512.000000000000 256.000000000000 1000000000.000000000000
16.000000000000 256.000000000000 16.000000000000 1000000000.000000000000
16.000000000000 1.000000000000 512.000000000000 0.081112860000
512.000000000000 256.000000000000 64.000000000000 1000000000.000000000000
128.000000000000 256.000000000000 128.000000000000 1000000000.000000000000
2.000000000000 512.000000000000 64.000000000000 1000000000.000000000000
4.000000000000 512.000000000000 32.000000000000 1000000000.000000000000
128.000000000000 1.000000000000 128.000000000000 0.083482060000
16.000000000000 64.000000000000 4.000000000000 0.100857820000
512.000000000000 32.000000000000 128.000000000000 1000000000.000000000000
32.000000000000 256.000000000000 16.000000000000 1000000000.000000000000
128.000000000000 1.000000000000 512.000000000000 0.096754120000
32.000000000000 64.000000000000 512.000000000000 1000000000.000000000000
512.000000000000 16.000000000000 512.000000000000 1000000000.000000000000
512.000000000000 256.000000000000 16.000000000000 1000000000.000000000000
4.000000000000 256.000000000000 64.000000000000 1000000000.000000000000
128.000000000000 128.000000000000 2.000000000000 0.194632420000
4.000000000000 1.000000000000 1.000000000000 0.043714740000
128.000000000000 512.000000000000 512.000000000000 1000000000.000000000000
512.000000000000 64.000000000000 128.000000000000 1000000000.000000000000
8.000000000000 512.000000000000 2.000000000000 1000000000.000000000000
1.000000000000 512.000000000000 32.000000000000 1000000000.000000000000
8.000000000000 512.000000000000 4.000000000000 1000000000.000000000000
16.000000000000 4.000000000000 512.000000000000 1000000000.000000000000
16.000000000000 32.000000000000 128.000000000000 1000000000.000000000000
128.000000000000 512.000000000000 4.000000000000 1000000000.000000000000
16.000000000000 16.000000000000 256.000000000000 1000000000.000000000000
16.000000000000 128.000000000000 8.000000000000 0.133380400000
512.000000000000 128.000000000000 256.000000000000 1000000000.000000000000
256.000000000000 512.000000000000 1.000000000000 1000000000.000000000000
512.000000000000 128.000000000000 8.000000000000 1000000000.000000000000
64.000000000000 64.000000000000 32.000000000000 1000000000.000000000000
2.000000000000 1.000000000000 2.000000000000 0.049670160000
512.000000000000 256.000000000000 4.000000000000 1000000000.000000000000
8.000000000000 64.000000000000 64.000000000000 1000000000.000000000000
64.000000000000 64.000000000000 64.000000000000 1000000000.000000000000
16.000000000000 128.000000000000 512.000000000000 1000000000.000000000000
32.000000000000 512.000000000000 128.000000000000 1000000000.000000000000
2.000000000000 1.000000000000 64.000000000000 0.058898400000
8.000000000000 8.000000000000 512.000000000000 1000000000.000000000000
1.000000000000 1.000000000000 8.000000000000 0.073873060000
256.000000000000 512.000000000000 32.000000000000 1000000000.000000000000
512.000000000000 2.000000000000 256.000000000000 0.114688100000
8.000000000000 64.000000000000 1.000000000000 0.104804100000
16.000000000000 64.000000000000 512.000000000000 1000000000.000000000000
256.000000000000 1.000000000000 512.000000000000 0.148661360000
2.000000000000 256.000000000000 128.000000000000 1000000000.000000000000
64.000000000000 256.000000000000 8.000000000000 1000000000.000000000000
256.000000000000 2.000000000000 512.000000000000 0.075932600000
128.000000000000 256.000000000000 1.000000000000 0.219819500000
128.000000000000 1.000000000000 256.000000000000 0.096230260000
8.000000000000 256.000000000000 256.000000000000 1000000000.000000000000
8.000000000000 128.000000000000 64.000000000000 1000000000.000000000000
64.000000000000 4.000000000000 512.000000000000 1000000000.000000000000
64.000000000000 512.000000000000 256.000000000000 1000000000.000000000000
32.000000000000 2.000000000000 256.000000000000 0.041918020000
512.000000000000 4.000000000000 1.000000000000 0.059050900000
2.000000000000 256.000000000000 512.000000000000 1000000000.000000000000
2.000000000000 1.000000000000 128.000000000000 0.081583040000
128.000000000000 512.000000000000 256.000000000000 1000000000.000000000000
256.000000000000 2.000000000000 256.000000000000 0.077545120000
32.000000000000 512.000000000000 8.000000000000 1000000000.000000000000
2.000000000000 512.000000000000 16.000000000000 1000000000.000000000000
2.000000000000 256.000000000000 32.000000000000 1000000000.000000000000
2.000000000000 512.000000000000 2.000000000000 1000000000.000000000000
256.000000000000 512.000000000000 64.000000000000 1000000000.000000000000
32.000000000000 128.000000000000 8.000000000000 0.129220780000
32.000000000000 128.000000000000 64.000000000000 1000000000.000000000000
512.000000000000 128.000000000000 128.000000000000 1000000000.000000000000
64.000000000000 16.000000000000 256.000000000000 1000000000.000000000000
4.000000000000 32.000000000000 1.000000000000 0.086162300000
32.000000000000 16.000000000000 256.000000000000 1000000000.000000000000
512.000000000000 128.000000000000 2.000000000000 0.540746340000
128.000000000000 64.000000000000 2.000000000000 0.172791060000
128.000000000000 64.000000000000 256.000000000000 1000000000.000000000000
512.000000000000 256.000000000000 32.000000000000 1000000000.000000000000
512.000000000000 64.000000000000 32.000000000000 1000000000.000000000000
256.000000000000 128.000000000000 2.000000000000 0.346926660000
1.000000000000 16.000000000000 128.000000000000 1000000000.000000000000
256.000000000000 256.000000000000 8.000000000000 1000000000.000000000000
256.000000000000 512.000000000000 4.000000000000 1000000000.000000000000
128.000000000000 256.000000000000 32.000000000000 1000000000.000000000000
4.000000000000 64.000000000000 512.000000000000 1000000000.000000000000
1.000000000000 1.000000000000 1.000000000000 0.076987180000
16.000000000000 256.000000000000 2.000000000000 0.155229900000
8.000000000000 4.000000000000 512.000000000000 1000000000.000000000000
256.000000000000 2.000000000000 128.000000000000 0.077414260000
512.000000000000 256.000000000000 1.000000000000 0.615273840000
2.000000000000 1.000000000000 4.000000000000 0.052274560000
64.000000000000 256.000000000000 16.000000000000 1000000000.000000000000
512.000000000000 64.000000000000 1.000000000000 0.343685580000
64.000000000000 512.000000000000 16.000000000000 1000000000.000000000000
4.000000000000 1.000000000000 128.000000000000 0.074053960000
16.000000000000 2.000000000000 512.000000000000 0.042243980000
16.000000000000 64.000000000000 32.000000000000 1000000000.000000000000
32.000000000000 1.000000000000 128.000000000000 0.069444620000
64.000000000000 128.000000000000 16.000000000000 1000000000.000000000000
32.000000000000 2.000000000000 512.000000000000 0.039801680000
2.000000000000 64.000000000000 4.000000000000 0.095477880000
64.000000000000 64.000000000000 1.000000000000 0.161150520000
32.000000000000 128.000000000000 512.000000000000 1000000000.000000000000
32.000000000000 256.000000000000 2.000000000000 0.151506300000
4.000000000000 128.000000000000 1.000000000000 0.175555340000
128.000000000000 512.000000000000 8.000000000000 1000000000.000000000000
32.000000000000 64.000000000000 64.000000000000 1000000000.000000000000
32.000000000000 512.000000000000 512.000000000000 1000000000.000000000000
8.000000000000 1.000000000000 512.000000000000 0.080902440000
64.000000000000 512.000000000000 1.000000000000 1000000000.000000000000
128.000000000000 16.000000000000 512.000000000000 1000000000.000000000000
4.000000000000 64.000000000000 4.000000000000 0.093643920000
512.000000000000 32.000000000000 1.000000000000 0.327940480000
64.000000000000 128.000000000000 1.000000000000 0.226518800000
1.000000000000 64.000000000000 128.000000000000 1000000000.000000000000
1.000000000000 512.000000000000 1.000000000000 1000000000.000000000000
32.000000000000 512.000000000000 1.000000000000 1000000000.000000000000
32.000000000000 16.000000000000 512.000000000000 1000000000.000000000000
64.000000000000 256.000000000000 128.000000000000 1000000000.000000000000
256.000000000000 4.000000000000 1.000000000000 0.065789440000
512.000000000000 256.000000000000 8.000000000000 1000000000.000000000000
8.000000000000 256.000000000000 8.000000000000 1000000000.000000000000
256.000000000000 8.000000000000 2.000000000000 0.039378740000
8.000000000000 8.000000000000 256.000000000000 1000000000.000000000000
2.000000000000 32.000000000000 512.000000000000 1000000000.000000000000
16.000000000000 32.000000000000 2.000000000000 0.049356440000
128.000000000000 256.000000000000 16.000000000000 1000000000.000000000000
64.000000000000 64.000000000000 8.000000000000 0.122472920000
2.000000000000 2.000000000000 128.000000000000 0.040974040000
16.000000000000 32.000000000000 512.000000000000 1000000000.000000000000
512.000000000000 64.000000000000 4.000000000000 0.420916580000
8.000000000000 64.000000000000 128.000000000000 1000000000.000000000000
2.000000000000 256.000000000000 4.000000000000 1000000000.000000000000
8.000000000000 32.000000000000 128.000000000000 1000000000.000000000000
1.000000000000 128.000000000000 32.000000000000 1000000000.000000000000
8.000000000000 16.000000000000 256.000000000000 1000000000.000000000000
8.000000000000 128.000000000000 256.000000000000 1000000000.000000000000
2.000000000000 8.000000000000 512.000000000000 1000000000.000000000000
2.000000000000 1.000000000000 32.000000000000 0.050700900000
2.000000000000 512.000000000000 1.000000000000 1000000000.000000000000
256.000000000000 64.000000000000 2.000000000000 0.299858820000
1.000000000000 32.000000000000 64.000000000000 1000000000.000000000000
4.000000000000 512.000000000000 4.000000000000 1000000000.000000000000
4.000000000000 128.000000000000 128.000000000000 1000000000.000000000000
128.000000000000 64.000000000000 1.000000000000 0.177152540000
1.000000000000 128.000000000000 64.000000000000 1000000000.000000000000
64.000000000000 128.000000000000 128.000000000000 1000000000.000000000000
8.000000000000 256.000000000000 32.000000000000 1000000000.000000000000
1.000000000000 64.000000000000 1.000000000000 0.039318880000
4.000000000000 128.000000000000 2.000000000000 0.149021340000
2.000000000000 512.000000000000 128.000000000000 1000000000.000000000000
32.000000000000 32.000000000000 512.000000000000 1000000000.000000000000
128.000000000000 128.000000000000 16.000000000000 1000000000.000000000000
8.000000000000 64.000000000000 2.000000000000 0.099740880000
128.000000000000 32.000000000000 128.000000000000 1000000000.000000000000
512.000000000000 64.000000000000 64.000000000000 1000000000.000000000000
64.000000000000 8.000000000000 512.000000000000 1000000000.000000000000
16.000000000000 64.000000000000 128.000000000000 1000000000.000000000000
512.000000000000 128.000000000000 4.000000000000 1000000000.000000000000
128.000000000000 256.000000000000 64.000000000000 1000000000.000000000000
32.000000000000 16.000000000000 1.000000000000 0.050667360000
1.000000000000 2.000000000000 32.000000000000 0.041515720000
4.000000000000 256.000000000000 128.000000000000 1000000000.000000000000
4.000000000000 64.000000000000 2.000000000000 0.102050460000
64.000000000000 512.000000000000 32.000000000000 1000000000.000000000000
1.000000000000 2.000000000000 512.000000000000 0.011701700000
128.000000000000 2.000000000000 256.000000000000 0.048195500000
512.000000000000 512.000000000000 128.000000000000 1000000000.000000000000
1.000000000000 64.000000000000 16.000000000000 0.024619100000
16.000000000000 256.000000000000 64.000000000000 1000000000.000000000000
512.000000000000 256.000000000000 512.000000000000 1000000000.000000000000
2.000000000000 128.000000000000 4.000000000000 0.146630260000
32.000000000000 256.000000000000 1.000000000000 0.179829080000
64.000000000000 8.000000000000 256.000000000000 1000000000.000000000000
1.000000000000 16.000000000000 512.000000000000 1000000000.000000000000
32.000000000000 256.000000000000 512.000000000000 1000000000.000000000000
16.000000000000 512.000000000000 8.000000000000 1000000000.000000000000
8.000000000000 512.000000000000 512.000000000000 1000000000.000000000000
8.000000000000 64.000000000000 32.000000000000 1000000000.000000000000
512.000000000000 128.000000000000 1.000000000000 0.536841180000
2.000000000000 64.000000000000 32.000000000000 1000000000.000000000000
2.000000000000 64.000000000000 1.000000000000 0.107558600000
2.000000000000 128.000000000000 32.000000000000 1000000000.000000000000
512.000000000000 512.000000000000 512.000000000000 1000000000.000000000000
256.000000000000 8.000000000000 256.000000000000 1000000000.000000000000
256.000000000000 16.000000000000 1.000000000000 0.111485640000
256.000000000000 256.000000000000 32.000000000000 1000000000.000000000000
1.000000000000 64.000000000000 512.000000000000 1000000000.000000000000
64.000000000000 16.000000000000 1.000000000000 0.059511580000
64.000000000000 32.000000000000 512.000000000000 1000000000.000000000000
2.000000000000 256.000000000000 2.000000000000 0.167608280000
256.000000000000 256.000000000000 64.000000000000 1000000000.000000000000
64.000000000000 128.000000000000 32.000000000000 1000000000.000000000000
2.000000000000 64.000000000000 64.000000000000 1000000000.000000000000
1.000000000000 128.000000000000 4.000000000000 0.047226960000
1.000000000000 1.000000000000 128.000000000000 0.076594660000
64.000000000000 16.000000000000 128.000000000000 1000000000.000000000000
256.000000000000 32.000000000000 1.000000000000 0.256618400000
256.000000000000 128.000000000000 8.000000000000 0.316166500000
256.000000000000 1.000000000000 256.000000000000 0.149911560000
512.000000000000 128.000000000000 16.000000000000 1000000000.000000000000
1.000000000000 128.000000000000 1.000000000000 0.074045440000
32.000000000000 128.000000000000 2.000000000000 0.149966520000
64.000000000000 16.000000000000 512.000000000000 1000000000.000000000000
256.000000000000 128.000000000000 64.000000000000 1000000000.000000000000
512.000000000000 2.000000000000 512.000000000000 0.106272160000
512.000000000000 512.000000000000 32.000000000000 1000000000.000000000000
256.000000000000 64.000000000000 8.000000000000 0.237245840000
1.000000000000 32.000000000000 128.000000000000 1000000000.000000000000
4.000000000000 256.000000000000 4.000000000000 1000000000.000000000000
128.000000000000 4.000000000000 512.000000000000 1000000000.000000000000
8.000000000000 512.000000000000 256.000000000000 1000000000.000000000000
256.000000000000 128.000000000000 128.000000000000 1000000000.000000000000
1.000000000000 128.000000000000 2.000000000000 0.047545400000
1.000000000000 256.000000000000 2.000000000000 1000000000.000000000000
8.000000000000 256.000000000000 64.000000000000 1000000000.000000000000
64.000000000000 128.000000000000 4.000000000000 0.174548560000
16.000000000000 256.000000000000 1.000000000000 0.184057860000
64.000000000000 2.000000000000 512.000000000000 1000000000.000000000000
4.000000000000 512.000000000000 512.000000000000 1000000000.000000000000
8.000000000000 2.000000000000 512.000000000000 1000000000.000000000000
32.000000000000 512.000000000000 16.000000000000 1000000000.000000000000
8.000000000000 64.000000000000 512.000000000000 1000000000.000000000000
512.000000000000 128.000000000000 32.000000000000 1000000000.000000000000
1.000000000000 256.000000000000 4.000000000000 1000000000.000000000000
